5.16928053074
5.08273334495
5.05237342239
5.03952117389
5.03840400283
5.04175613599
5.04385321496
5.04460727291
5.04523903454
5.04322775385
5.04362260334
5.04366566647
5.04662489104
5.04686706092
5.04750450635
5.0474049065
5.04540835609
5.0455056879
5.04410257526
5.04377948687
5.04476160728
5.04603805415
5.04399353613
5.04703921965
5.04637111415
5.047390245
5.04672017711
5.04704767253
5.04478055122
5.04897744658
5.04949693356
5.04637201436
5.04586255355
5.04741593577
5.04652991009
5.04571234469
5.05030194625
5.04469376794
5.05025618213
5.05029536816
5.04535110229
5.04885409661
5.048656764
5.04923434355
5.0461715632
5.04716980861
5.04656885639
5.04463106648
5.04677194247
5.0459368769
5.04694757262
5.0470632296
5.04787937589
5.04668939457
5.04616231622
5.04586338925
5.04600655692
5.04513865531
5.04441461452
5.04394924797
5.04479204489
5.04491259157
5.04403009663
5.04951686289
5.04321230686
5.04616925332
5.0403508785
5.04386570947
5.04529012613
5.04362714555
5.04510666071
5.04435303308
5.04364413769
5.04500608288
5.04537697442
5.04522594338
5.04307272614
5.04700340745
5.04407561833
5.04661665473
5.04483782061
5.04568798331
5.04502058155
5.04654166299
5.04288739671
5.0439587619
5.04418459188
5.04498081352
5.04530951668
5.04458659962
5.04671823693
5.04244963172
5.04293633052
5.0444262128
5.04366750735
5.04338440636
5.04476842099
5.04619230032
5.0427648545
5.04219309155
5.04235829074
5.04538116903
5.04759793376
5.04664715738
5.04687095017
5.04229523042
5.04430514116
5.04579689663
5.04256985882
5.04169056211
5.04329412939
5.04428321673
5.04912586791
5.04635163517
5.04742802971
5.04689221255
5.04500740934
5.04837375353
5.04834799679
5.04764917237
5.04764928268
5.0462960693
5.0439837948
5.04496584461
5.04299250961
5.0467985433
5.04374571024
5.04648300129
5.04372508179
5.04468025603
5.04752559555
5.04889962855
5.04762421869
5.04675105204
5.04818164936
5.04568484153
5.04286954652
5.0476141588
5.04684623708
5.04701686341
5.04910095183
5.04854258822
5.04536128855
5.04741324135
5.04777083025
5.04555481152
5.04306977479
5.04468419151
5.04433708159
5.04747877792
5.04397835242
5.04277123129
5.04450486556
5.04347208166
5.0455356612
5.04336090989
5.04779478019
5.04523218684
5.04690545338
5.04816006834
5.04765109371
5.04754363062
5.04474409246
5.04594358389
5.04572370797
5.04797672651
5.0447074194
5.047209672
5.048381249
5.04944423756
5.0517784058
5.04998812857
5.04780818324
5.04767803242
5.04714313404
5.04715841003
5.044426466
5.04651289902
5.04753355889
5.04454007626
5.04813132107
5.04346713741
5.04514244493
5.04465274634
5.04680136888
