5.18506805858
5.14100656768
5.12866855387
5.11996083876
5.11261505459
5.1051300413
5.09934358303
5.09287296465
5.08950381178
5.08464603187
5.08003642841
5.07544157932
5.07124391364
5.06960847638
5.06787864569
5.06571359971
5.06148824873
5.05935328774
5.06030241066
5.05764062478
5.05773778773
5.05737048459
5.05779386466
5.05328104278
5.05464784804
5.05799591463
5.04928624198
5.04770560765
5.04878627353
5.04939390504
5.04919122951
5.05308554949
5.04999164728
5.04811771647
5.05244537126
5.05733785521
5.05899828164
5.05447241717
5.05432237877
5.0556404574
5.05409085086
5.06217844806
5.05842361121
5.05618276835
5.05468680482
5.04863517764
5.05110432839
5.0579661775
5.06209293551
5.06795534374
5.06585263104
5.06678126684
5.06097475936
5.0655176065
5.05765410125
5.06023359447
5.06122184691
5.05986496938
5.05582179458
5.05792661917
5.06228072477
5.06430320731
5.06598731922
5.06503253117
5.06655468109
5.06616052809
5.0585276484
5.06212232621
5.06397104174
5.06737212577
5.06224368679
5.06843251554
5.0717047205
5.07323876503
5.06649217858
5.06924359937
5.06606782469
5.05956774962
5.066450402
5.06685920448
5.06303897301
5.05841413234
5.06203065435
5.06230170717
5.05844310624
5.06252464871
5.06337911775
5.0590507975
5.0587518011
5.06609913212
5.06731167545
5.070115288
5.06707833121
5.06714852731
5.0711319266
5.06479513959
5.06282439728
5.06393771417
5.06816435218
5.06460829908
5.06810960818
5.06809751777
5.06958033241
5.06516463986
5.06403160936
5.06818586297
5.06853522745
5.06552327949
5.06612216086
5.06643299414
5.06609187488
5.06536986481
5.07030869901
5.07202488133
5.071808801
5.06173984283
5.06748755972
5.06544732896
5.06661583368
5.06583266164
5.05900846709
5.05922876527
5.06224843874
5.06143505523
5.06429364621
5.07001835886
5.07277987978
5.07258839956
5.06866204534
5.07369114737
5.06597501331
5.06595579494
5.06209822769
5.06667339779
5.07243828411
5.0672954331
5.06511510843
5.06621426295
5.07078437617
5.06603017507
5.06336835993
5.06635277891
5.06632052579
5.06981657199
5.06747032867
5.06186507702
5.06305138694
5.06077770611
5.06093188783
5.06156135355
5.06553729922
5.06796747145
5.06041344036
5.06108571915
5.06704297808
5.06254880932
5.06760583918
5.06393943331
5.0620926085
5.06411598069
5.07019785419
5.06941316126
5.06871849009
5.07127191838
5.06835659072
5.06591761022
5.0687421171
5.07125981889
5.06450047679
5.06407255622
5.06875909626
5.06520786035
5.06690308631
5.06372912215
5.06625725038
5.06909738173
5.07124837558
5.06188941525
5.06439016042
5.05850656658
5.06377490465
5.07133593147
5.06894649914
5.07080480827
5.06303144752
5.0650128482
5.07119095915
5.06892397555
5.06340213095
5.06220733765
5.06583481748
5.06288461637
5.06319495633
5.06714135097
5.06384438035
5.06287466316
5.06357547925
5.0598018315
5.05882087615
5.06109143489
5.06394627633
5.07329898087
5.07126731843
5.06457400816
5.07120511861
5.06868888087
5.06215083678
5.06432671457
5.06573195947
5.06711785745
5.05782703535
5.05806725827
5.06088505143
5.06003616319
5.05752513219
5.06539670441
5.0595799157
5.06662700813
5.06657694522
5.07071326392
5.06914698058
5.0559343004
5.05638250941
5.06582726429
5.07068996768
5.06959000714
5.07260398322
5.07316624498
5.06089392122
5.06303285242
5.06250278798
5.0654741841
5.06474902524
5.06688056598
5.06156512603
5.06651049276
5.0622235782
5.06600150723
5.06615428955
5.0705443257
5.06830911907
5.06740910667
5.07064795985
5.07377322343
5.06643796733
5.05954484295
5.05415554649
5.0647452769
5.06091442012
5.06931739474
5.06767155068
5.06228296792
5.06910550863
5.06393449837
5.06884675727
5.06348847018
5.07174223168
5.06593129811
5.05965155754
5.07032218419
5.06899822542
5.0644899118
5.06354646596
5.06794926605
5.06615989958
5.0641440789
5.06621156377
5.06632293998
5.06916281825
5.06546104809
5.06600377396
5.07040202038
5.06781874301
5.06349972575
5.06559851258
5.06333309127
5.06179515236
5.06744389201
5.07064240932
5.0663530131
5.06562343537
5.06961971366
5.06660631025
5.06649335369
5.07150665726
5.06515337089
5.06644341869
5.07055151941
5.06990793923
5.06111175803
5.06592594566
5.0591446297
5.06507080312
5.06481115039
5.0698727252
5.06918955216
5.06921881437
5.07624863522
5.07233276773
5.06686521709
5.06306831637
5.06052533418
5.06062836821
5.06154063217
5.06824000068
5.06956811173
5.06718996238
5.06848022665
5.06589521699
5.06871436643
5.06865603635
5.06667167857
5.06339990371
5.07073199743
5.06624383844
5.06397823179
5.06910406428
5.07186708441
5.06876777733
5.07314398366
5.0751615093
5.06544273619
5.06185335046
5.0642687565
5.06339496266
5.06630233713
5.06342384769
5.06207013525
5.06034281957
5.06831393253
5.06571967308
5.06720616333
5.06822656805
5.06576037883
5.07119187854
5.07569434408
5.06148650287
5.06354504483
5.06155037856
5.07000173159
5.07223625333
5.06970597569
5.06478065535
5.06326482354
5.06234719851
5.06283639077
5.06725051372
5.06630830112
5.07448016223
5.06430198644
5.06969030573
5.06590430906
5.06691183053
5.06746170885
5.0738906521
5.05880892998
5.06232218934
5.07034633862
5.06895711381
5.07300634276
5.07576455102
5.06206790546
5.06852923074
5.07047975068
5.06309239814
5.06222655581
5.05952229525
5.06713613331
5.06372078284
5.06328866653
5.06235254159
5.06855672789
5.06486404895
5.0578958882
5.06746380231
5.06956740818
5.06610736214
5.06817468437
5.06979646525
5.07769699364
5.07204531518
5.06892420973
5.06821113537
5.06510389796
5.06119322157
5.07075575574
5.07053790921
5.06760816911
5.06594554873
5.05647197928
5.06323886051
5.06680992782
5.07244849278
5.06403727585
5.06573171033
5.06545106642
5.06583079333
5.06048574262
5.06652904867
5.07305322398
5.07331149748
5.06538301045
5.06697153041
5.06547417963
5.06562183807
5.06815248848
5.06978893378
5.0667123288
5.06437966269
5.05786488236
5.0644469565
5.06851906294
5.06989140948
5.07103032963
5.07885178042
5.07736354581
5.06499581283
5.06645570636
5.05788136809
5.06564809131
5.06863323574
5.07137300311
5.06685722746
5.06738458966
5.06373720607
5.06524515693
5.06676023979
5.06830837524
5.06846687524
5.06476274006
5.06948757905
5.069578077
5.07072500703
5.06441167478
5.05876319879
5.06428344398
5.06770701686
5.06540983783
5.06788850722
5.06624430365
5.06753530012
5.06124211011
5.0660114649
5.05975256085
5.06688657436
5.0628862309
5.07006267502
5.06237218597
5.06806039827
5.0749725773
5.06907181764
5.07420851697
5.06402834249
5.06578412149
5.06349994249
5.0613732078
5.05815311338
5.06259892573
5.06296904387
5.0670179422
5.07094130961
5.06684088143
5.06650647853
5.06546988999
5.06648551644
5.06676446474
5.06217017377
5.06107594555
5.06526871229
5.07017008491
5.07343517895
5.07499308279
5.07290133062
5.06786437494
5.06891183977
5.06342846956
5.06419238953
5.06684274949
5.06533041165
5.07392949329
5.06643160198
5.06610173084
5.06507690082
5.06396091309
5.06580082507
5.0596118525
5.06254628303
5.06560187344
5.07014750477
5.07115371383
5.07066251169
5.07126442608
5.06931513463
5.07464707189
5.06336147459
5.06401714601
5.06491447255
5.06593125094
5.06574189401
5.06349814658
5.06421403617
5.06373367217
5.06402330619
5.06686455735
5.06758331392
5.07366695519
5.07488937035
5.06573372466
5.06867861089
5.06574081873
5.06331209342
5.06327236005
5.06408666372
5.05987419351
5.05854385559
5.06454857807
5.06899118569
5.07023522583
5.07073323908
5.06711745952
5.06951486248
5.07242137551
5.07004546926
5.06449683101
5.06852911925
5.06504845438
5.06283207889
5.06657155114
5.05938461905
5.06449287967
5.06398094063
5.0699324421
5.06276510369
5.06882754043
5.06848151448
5.06508518462
5.06201507006
5.06430837632
5.0675490124
5.06741700482
5.06749501688
5.06509666305
5.06783339426
5.05729761856
5.06050857272
5.06710294816
5.06817025013
5.07058880555
5.07370013621
5.06896131809
5.06443737543
5.06420676334
5.0661206209
5.06321951347
5.06679849885
5.06167849307
5.06825621388
5.06886711853
5.07449469849
5.05827412456
5.06579966775
5.06940787954
5.07364536623
5.06679856516
5.06473992915
5.06876278882
5.06391529183
5.06233510793
5.06837539318
5.06607895607
5.07110832555
5.06772296041
5.06875799118
5.06965736823
5.0623682923
5.06680340086
5.06454535949
5.06555579958
5.06353002344
5.07107073207
5.07341127069
5.065992543
5.06773547499
5.07293989614
5.06679452279
5.06785756506
5.06948933822
5.06454495018
5.06325192308
5.06631941361
5.05982487604
5.05869839886
5.06589265112
5.06834752899
5.06475841154
5.06636783806
5.07138171968
5.0714781798
5.07188096392
5.06400189061
5.05958063812
5.06568209187
5.06803151958
5.06836636108
5.06334656152
5.06290467553
5.06401094539
5.06969253489
5.06882883295
5.06413726256
5.06753536416
5.06165283456
5.0634860676
5.05855994814
5.06713948733
5.06647511449
5.06717736589
5.06636784183
5.06578073015
5.06626989815
5.06418164295
5.06825539988
5.06593807425
5.0678779085
5.06465180607
5.06140386622
5.0596977931
5.06431020125
5.06923489472
5.06913447253
5.0726557732
5.07752175018
5.07363056342
5.06842323497
5.07050134906
5.06733928984
5.06713020758
5.06440266212
5.06702491811
5.06444166732
5.06405643487
5.0718897659
5.06594820035
5.06231966277
5.0638556824
5.06814154649
5.06973123944
5.06576095775
5.06693565383
5.06374183287
5.06376658389
5.06515632134
5.06392649252
5.07153858888
5.06807811132
5.06675708634
5.06061270557
5.06492249733
5.06883843027
5.07219133721
5.07131942302
5.07225223905
5.06939503877
5.06779742916
5.06259126073
5.06210206284
5.06338340963
5.06944877395
5.06611069482
5.06578013398
5.0640193129
5.06435432045
5.07246236213
5.07250852928
5.07044632445
5.07226480087
5.07506497623
5.07052639336
5.06714335261
5.05971505728
5.05519192328
5.05499427902
5.06524642058
5.0597241247
5.06744384675
5.0707743872
5.07435496037
5.07274639204
5.06482643919
5.0655415962
5.06292885473
5.06872956667
5.06672156323
5.07174545706
5.06915105573
5.06135353477
5.07010538131
5.06236186062
5.06477652365
5.069161914
5.06779257864
5.06789922962
5.06462852831
5.06115124389
5.06833665517
5.07266402556
5.06487078829
5.06647835713
5.06427734779
5.07199912387
5.07201675691
5.06386376692
5.06500201543
5.06103555513
5.06622017227
5.06762621405
5.07032808626
5.06681434811
5.06508233221
5.06056700861
5.06540636109
5.06374625808
5.06790408551
5.07117299172
5.07060552651
5.06807184034
5.06899989902
5.06851631259
5.0599162823
5.06134337269
5.06646542559
5.05738275013
5.06037692328
5.06302594066
5.07116962064
5.06486103792
5.05870883511
5.06220981558
5.06923708278
5.07207676972
5.06887493875
5.06516552391
5.06364725321
5.06861456846
5.06540890678
5.06651187465
5.06373689469
5.06216348272
5.0629695956
5.06755029085
5.06454171372
5.0568904899
5.06289314698
5.06597922027
5.06601110153
5.07351993156
5.06936672563
5.06726479144
5.06834190039
5.05901195162
5.0637383697
5.06665125243
5.06670074564
5.07066453096
5.06290320279
5.06749178401
5.06557642385
5.066440055
5.06668538715
5.06813288601
5.06368523779
5.06478339591
5.06463293555
5.06777338287
5.06774993803
5.06261965172
5.06322373746
5.06602160988
5.06826543617
5.06973915462
5.06370039483
5.06366848779
5.05990520248
5.06504195639
5.06229102834
5.05937998809
5.07041128054
5.07284606481
5.07076830274
5.06515153202
5.06549490636
5.06655126548
5.06362960064
5.06359545095
5.06076983622
5.06794443193
5.06883113047
5.06837491881
5.06773867115
5.06883679879
5.06770173411
5.07288917692
5.06596916499
5.06346094759
5.05998925182
5.06536176783
5.06842198933
5.06373606582
5.06561720952
5.06791702956
5.06811149356
5.06063545336
5.06270269699
5.06654478833
5.06390420046
5.07007089654
5.07060941674
5.064140956
5.06217858627
5.06538129621
5.06489840815
5.06362138829
5.06507879236
5.07298011546
5.06267169131
5.06264110801
5.06040805276
5.06326467853
5.06553226055
5.06843321662
5.06867311308
5.06364618173
5.06622938595
5.06393318494
5.06746711831
5.06520166366
5.06330425794
5.0701036677
5.06932391213
5.06384695886
5.06633817891
5.0616947259
5.06398051913
5.06367960821
5.07104532642
5.06637489188
5.06335995693
5.06482936704
5.06209059236
5.07053597687
5.05660691749
5.06161132838
5.06903836345
5.0709267507
5.06990121559
5.06954040313
5.06877392436
5.06968528473
5.06659312807
5.06654757409
5.07023243016
5.06251917217
5.06351417126
5.07050132223
5.06979051988
5.06367116586
5.06558756292
5.07192020668
5.06157380683
5.0596292366
5.06517224306
5.06092659918
5.06406601806
5.06852948463
5.06277323956
5.06572200426
5.07029944612
5.07249307583
5.06520017344
5.06531598639
5.06550489362
5.06303778086
5.06798333967
5.07147931049
5.06200367402
5.06126297564
5.05742939815
5.0666704551
5.0694276162
5.06771223502
5.06722445047
5.07045290143
5.06026764188
5.06139226884
5.06296625514
5.06665868787
5.07396536164
5.07421470343
5.06427908661
5.06632455446
5.06527659394
5.05842950524
5.06705257242
5.0700936209
5.06383918439
5.07324535475
5.07245583589
5.07164885886
5.05872662211
5.06441920282
5.06521635676
5.06116105273
5.06387828601
5.06484515161
5.06732421895
5.07478887267
5.0661855766
5.06512731057
5.06651585171
5.0666842454
5.06120725255
5.06885632172
5.06523253846
5.06696517107
5.06828132023
5.05962392673
5.06485002678
5.06351261166
5.06434833916
5.06320727326
5.06367653465
5.07247412465
5.07174170238
5.0730445602
5.06776643933
5.06679981574
5.0658943754
5.06309651353
5.06338391804
5.06491578588
5.07275218595
5.07237969608
5.06993934405
5.06879161468
5.06784620946
5.05995328435
5.06401207905
5.06018633068
5.06133874866
5.06095121191
5.06445933636
5.06598370595
5.06982223341
5.06887128338
5.06837756986
5.06347233877
5.06025489925
5.06493397404
5.06770041918
5.0698923472
5.06820829244
5.07213251556
5.07184047477
5.06834416377
5.05936041345
5.06215767939
5.06539038556
5.0654680677
5.06782884891
5.06941771095
5.06984689597
5.06131776962
5.0636671465
5.07003825807
5.07136659278
5.06786298673
5.06935711768
5.06725904399
5.06360973615
5.06499218298
5.06465151618
5.05941214406
5.06059491322
5.0628719942
5.06619978951
5.0643600316
5.06873658397
5.07211614655
5.07273467787
5.06627192412
5.06717818652
5.07110042599
5.06621310031
5.06486251397
5.06869228441
5.06582803169
5.07054412934
5.06818600227
5.06301718616
5.06033275262
5.06296371523
5.06753608845
5.06742205307
5.06560939429
5.06545224658
5.06195953512
5.06658608335
5.07076101552
5.06920908889
5.07463739153
5.06699475359
5.06652598693
5.06200888212
5.06551196081
5.06275296611
5.06707443636
5.06677892132
5.06351117742
5.06448522449
5.07109852683
5.06751495159
5.07104768117
5.06322146369
5.06241038882
5.06338626337
5.05849408152
5.05555375461
5.05909471446
5.06793737474
5.0744433193
5.07408177588
5.07213539047
5.06429429166
5.06119954885
5.07161029289
5.0689376634
5.06641689102
5.07314080877
5.06757303657
5.06278097888
5.06828676028
5.06566756432
5.06176435831
5.06552748418
5.06412798268
5.06555766041
5.06070951331
5.06708396938
5.06242263331
5.07098347031
5.0653352497
5.06838008714
5.06919722364
5.06573793077
