38.951041437
38.6850816466
38.6317744074
38.5938471672
38.592872282
38.6414460856
38.3546602136
38.1594346463
38.1646961935
38.1942143437
38.2418645191
38.3059246655
38.5780577301
38.0931400629
37.9074489288
37.9378216221
37.9565364944
38.0358482378
38.1654088822
38.6491769862
37.8789450085
37.6751810098
37.8177439615
37.8797355657
37.9502377601
38.0998889811
38.4988920283
37.7763858833
37.5291235551
37.7487569357
37.7632949683
37.879512374
38.0281973728
38.439276803
37.6882350095
37.4951042587
37.6818620585
37.7273198898
37.8584714924
38.0689788927
38.4895769464
37.7648757869
37.4583071333
37.6597341519
37.7422949178
37.8575919127
37.9883385911
38.3360295964
37.584535905
37.4039622899
37.5636406519
37.6427848804
37.7747556185
37.9453602065
38.5520218079
37.6520853969
37.4145659549
37.5828192515
37.6721576456
37.7545961252
37.9617382807
38.4655385353
37.5857728969
37.311972836
37.4981419637
37.583819793
37.7489956261
37.9808364975
38.5650281878
37.5344351275
37.2913169385
37.4305533478
37.5098333063
37.7081602858
37.938137492
38.5187053768
37.5444072641
37.3081130806
37.4302596409
37.5305055452
37.7076305094
37.9088650961
38.5665671088
37.6057623075
37.3639709008
37.4539139122
37.5776057188
37.6901226349
37.9332721165
38.5139881389
37.6508192588
37.3724155277
37.437116139
37.5931468726
37.7646623485
38.0306838653
38.5595613754
37.6481099268
37.4042508966
37.4784024808
37.5180294337
37.6488480261
38.0178163277
38.5787158038
37.7499811457
37.362586054
37.4396813497
37.5377263652
37.6145571958
37.8996059759
38.516586351
37.6408735803
37.3400674931
37.4458760721
37.4974163209
37.7034511328
37.9962822605
38.5323759701
37.6490805973
37.2983387397
37.3782811282
37.4718316935
37.715946811
37.9865987787
38.511213963
37.7413442198
37.3317919335
37.4482287153
37.544595533
37.664587369
38.0379585359
38.7552511332
37.6692229573
37.3025402755
37.3938438461
37.4736730658
37.6329329096
37.992921924
38.6481371283
37.699950838
37.2964223454
37.3671585312
37.4748216396
37.6560192382
38.0021435199
38.6602332819
37.6903612751
37.351483282
37.4299429341
37.505544651
37.6514014235
37.8702595084
38.3932138332
37.5421439405
37.2860679051
37.3378194689
37.4372527042
37.5983902279
37.8485966045
38.4785442375
37.6859063081
37.3883745097
37.456862489
37.5016001358
37.6319500872
37.8329691952
38.4205052228
37.7589886706
37.3634458472
37.4150130588
37.4814091114
37.6486003506
38.0727521346
38.414476529
37.7513681754
37.3790056592
37.3944076097
37.4831743715
37.5858180981
37.828893168
38.6088858463
37.7713830756
37.3537959233
37.4175365411
37.4544058613
37.5886007238
38.0401787339
38.4779261303
37.8367689848
37.3671572818
37.440993582
37.5433100048
37.6200460328
37.9197496665
38.4632052498
37.7539668218
37.3003593624
37.3610567421
37.4415285129
37.5784940062
37.8349591438
38.5299440556
37.7090488909
37.4346735324
37.4307797411
37.5057167672
37.6405721751
37.8388732286
38.4803288094
37.8230864049
37.4531708875
37.4439652229
37.5199907538
37.6096071746
37.7608797565
38.3505674146
37.8512450556
37.3532427636
37.4438015609
37.4625215725
37.6063687604
37.8736439867
38.4106930012
37.8250049919
37.3301590819
37.4136969886
37.4826527259
37.5739571065
37.8586028317
38.4998910671
37.862529819
37.3611241065
37.3927605303
37.4281906311
37.5717854382
37.8554087004
38.602758903
37.7981381244
37.3393434592
37.367769283
37.48861568
37.5372468398
37.760970276
38.4554388741
37.787289161
37.3608525231
37.4066253139
37.49267376
37.6663200039
37.9337159739
38.5079617175
37.9243811412
37.4354529451
37.4283389468
37.4811544003
37.5546026051
37.7612768126
38.5115033686
37.8074925835
37.3098393107
37.3595350902
37.4333128754
37.5377797797
37.7569695533
38.4910197148
37.8945584891
37.4789399731
37.4633612708
37.5531893218
37.6372212125
37.7344611874
38.5336495734
37.8933067334
37.4918801815
37.3884984532
37.4951225073
37.5686208782
37.699904593
38.4102582016
37.8589332115
37.3469948003
37.3546259203
37.4417578569
37.58124819
37.8525899567
38.4947818835
37.9026218402
37.4057094174
37.3766949827
37.4912672444
37.5793566181
37.7607495193
38.367924985
37.928033602
37.4174504581
37.4067431818
37.5040970466
37.5940644822
37.7826631343
38.42762473
37.8672360232
37.3940688916
37.3846732783
37.4647211673
37.5894299265
37.7673305087
38.4640048188
37.8795987619
37.3523032774
37.373335234
37.477392154
37.6386482889
37.7812721611
38.4882170006
37.9073542558
37.3923480253
37.3355378404
37.4548660779
37.5676161099
37.7205112928
38.3871766668
37.9345239825
37.3598895071
37.3146021615
37.4073942778
37.5375351796
37.7148336387
38.2925181811
37.8850925188
37.3119075654
37.3319842072
37.433651026
37.5882090953
37.7110135145
38.3720245788
37.7371356154
37.337403685
37.3332982716
37.4453834349
37.5613835707
37.8195341626
38.2936418707
37.7641419792
37.3134437149
37.3627197278
37.4654720864
37.600533119
37.8707247464
38.3475969309
37.7996562261
37.3332646119
37.3578526519
37.4626494625
37.6184588691
37.7214159683
38.3208506609
37.7470232376
37.3600581964
37.3790132305
37.5294842678
37.6609028178
37.8158230546
38.5077369454
37.8580706966
37.374048307
37.4190826167
37.5276878393
37.5928003744
37.8287732655
38.2662272513
37.9347978019
37.3438801914
37.3705682757
37.5191773617
37.6508526681
37.8056575947
38.3132779631
37.9064764734
37.2954568807
37.3857499514
37.4994168424
37.5676598691
37.799336535
38.0993796061
37.8248556652
37.3152332224
37.3986570604
37.5916786716
37.6842759664
37.7945274759
38.1976621867
37.7869242676
37.3480213216
37.4093743867
37.5754586728
37.6363379842
37.8597831617
38.124912947
37.6989221402
37.2795344939
37.4165488482
37.6001241389
37.6226390665
37.6960315563
38.1413523965
37.7359631999
37.256841579
37.3955340332
37.5021763384
37.6058253372
37.79361361
38.2612443108
37.8764003477
37.2980840354
37.4023701674
37.5358720458
37.6832884922
37.7963851145
38.2758634429
37.7124505821
37.2457413932
37.3959145813
37.5307913935
37.5883289392
37.724875545
38.0079790423
37.7519739488
37.2936970219
37.3761317326
37.4799142583
37.5835937938
37.7063430987
38.1882311893
37.8125822697
37.2554951786
37.4358936653
37.5707063431
37.6306079188
37.7385404398
38.1197558777
37.8520472555
37.3925881397
37.5062952788
37.6085505197
37.7164019427
37.7601413639
38.0573621007
37.6983390107
37.2523428556
37.4151039213
37.6060349793
37.6276983969
37.833011244
38.2759803901
37.7415733107
37.3211794186
37.3997624401
37.6173845341
37.6018423771
37.8484215252
38.1832304834
37.6930212626
37.1634886318
37.3852784948
37.4921767746
37.5645931315
37.7834786716
38.1375697554
37.7728669821
37.2509365814
37.4328392421
37.5006202479
37.5979872552
37.8486930694
38.1128229142
37.7668542101
37.3194862354
37.4079140307
37.5634025159
37.6249401125
37.8299995506
38.3211476873
37.756303217
37.2379824069
37.4284411372
37.5231990863
37.6065868085
37.8391598937
38.2353829076
37.826204582
37.2822670105
37.429459148
37.5717229752
37.5973251727
37.8279218769
38.0836465492
37.8038143297
37.2722959124
37.4295932303
37.6037475165
37.6331311825
37.857441509
38.1316529682
37.7946975794
37.2504276342
37.4323718312
37.5580699978
37.5931867109
37.7833934081
38.0564489111
37.7379329315
37.2603796678
37.3497225995
37.4702851566
37.5582588194
37.7738323903
38.2932391397
37.7801663031
37.3157362067
37.4640863724
37.5490489112
37.5783857162
37.7825759784
38.12079575
37.7488522818
37.3057448222
37.4460268497
37.5198683756
37.6451600307
37.8782425433
38.0372192429
37.6835191912
37.2142841067
37.3872175127
37.5060636741
37.6131043537
37.8160712139
38.3121441565
37.6984738597
37.3718629914
37.4753631729
37.5307768179
37.6485948426
38.0181114631
38.2186399779
37.7542874541
37.2594429606
37.3612690772
37.5176454583
37.6589697896
37.8523633099
38.0868878506
37.7598479805
37.3053594991
37.4414298491
37.5475224651
37.6328316447
37.9509776077
38.1928843956
37.768001293
37.2766154196
37.4073739408
37.5393863595
37.6088680213
37.7674076728
38.226821601
37.8414236401
37.2994723632
37.4022731325
37.5426527195
37.6218708896
37.8211209658
38.0921963698
37.7291451986
37.2671641148
37.4710575229
37.5922095783
37.7233597286
37.8672338609
38.2550898176
37.8150387799
37.3286201484
37.3888476365
37.545715515
37.6363230115
37.8225003499
38.1302637273
37.7407310033
37.2168405421
37.4132853064
37.5102434268
37.6174849027
37.8124454453
38.1679151694
37.8476622721
37.2536186156
37.4671385682
37.5745629983
37.6486394751
37.7782235111
38.170479406
37.8396388345
37.2322906274
37.404599203
37.5286938364
37.6338973274
37.7845800622
38.1166767424
37.8273206407
37.3042373186
37.4522349205
37.5490503451
37.6010490488
37.8086549508
38.1272753378
37.7531864668
37.2776125527
37.3946495688
37.5165130677
37.5748261651
37.7321335507
38.0063238757
37.7487504836
37.2376915729
37.3243024508
37.4713186725
37.53856048
37.8342333296
38.133569463
37.7946038402
37.3202339959
37.3794887964
37.4857313417
37.6080176724
37.7872453322
38.0158170365
37.7334223685
37.2398904759
37.4177735888
37.5799318179
37.6388624058
37.7665092724
38.0973822717
37.8215743108
37.2029570079
37.3462871281
37.5119986467
37.5932720054
37.7842666665
38.2850223558
37.7755182095
37.2636425076
37.3522975025
37.5288713737
37.5637310136
37.8074121961
38.0669315419
37.7394972216
37.2643805233
37.343132552
37.4956412472
37.5810100825
37.8621013689
38.1168284909
37.8663902612
37.2393683784
37.364395244
37.4766031811
37.5351158659
37.7339175171
38.1334538988
37.8132069762
37.2961862531
37.3849981075
37.5043811919
37.5875610064
37.8236116604
38.2208473736
37.7555843427
37.2955476768
37.3745193149
37.5269214151
37.5530394749
37.7650843393
38.2255806744
37.8518033133
37.2051996546
37.3182895123
37.427555434
37.5301717255
37.7721513042
38.2049278872
37.7495250463
37.2052459215
37.2851421807
37.4441632016
37.5263098996
37.7034353614
38.0485260771
37.7784156151
37.1777396098
37.2768001032
37.5180196881
37.5783089469
37.7864525097
38.2232591766
37.7565571308
37.2830107532
37.354734932
37.4465351779
37.5353087918
37.8601236514
38.3365773952
37.8685874273
37.3263457085
37.3753607488
37.5573705082
37.61177354
37.8474749279
38.1545488939
37.7770939035
37.3173809673
37.3220014499
37.4833006287
37.617690705
37.8493372888
38.2102128806
37.8455142555
37.328786039
37.3680695981
37.4657880785
37.5971848213
37.8660586602
38.0759752244
37.7294684583
37.2077737918
37.3107066491
37.4873186119
37.5310535841
37.80083628
38.2086919185
37.8621436536
37.2431753895
37.3786423958
37.5576278754
37.6142485672
37.7667112287
38.3231458258
37.8453280481
37.3040624986
37.3752789236
37.4421769096
37.5572054966
37.786664257
38.0835553403
37.8048617096
37.2318561874
37.3274823979
37.5123919352
37.5512129148
37.8058988916
38.1545144348
37.782980637
37.1756215949
37.3138529294
37.4716070669
37.5918287157
37.8050933711
38.1531148045
37.8341781836
37.2463293249
37.3372722929
37.494811554
37.5917153779
37.8978886866
38.1437149781
37.9231612693
37.2825184984
37.3272641443
37.4747664124
37.5701632229
37.7314091497
38.1849603377
38.0174619448
37.3702199548
37.3551413995
37.4771256232
37.5898561016
37.9226585403
38.2733634191
37.9444566933
37.3076912738
37.4025248593
37.4874311417
37.5865232446
37.8258066819
38.1686508289
38.0383363593
37.3592444583
37.354280995
37.4929604543
37.5312496046
37.7191868254
37.9919967986
37.8279201328
37.3180905331
37.3643597938
37.4717141207
37.5563246301
37.7657432289
38.1282691217
37.8791865542
37.3188856865
37.3357907967
37.4959482273
37.5685079366
37.7696265772
38.208225998
37.850725832
37.3839115909
37.4193391082
37.5198165392
37.6343466898
37.8217764796
38.1687961575
37.7872896847
37.3618664704
37.4270128787
37.5096570639
37.5515795674
37.7714922874
38.0266764871
37.7276436326
37.3874006695
37.4027489046
37.5100816143
37.5900108814
37.7549547282
38.0797924082
37.7452146182
37.3381312605
37.4067790944
37.5631277472
37.6426735791
37.8716521026
38.2863632776
37.8212366344
37.291037234
37.4145795599
37.5521619287
37.5991734163
37.7430311805
38.085014546
37.8209728124
37.238032972
37.3658191313
37.5361143091
37.5445843331
37.7010286594
38.0713277783
37.8277601073
37.2725692158
37.3242409499
37.502084635
37.5780170135
37.7771451708
38.2572045446
37.7972505342
37.2352596487
37.3088344038
37.4598769512
37.5700402
37.7844553022
38.2494125937
37.884432481
37.3260214738
37.3526961943
37.5728720833
37.565239757
37.6656726384
38.0713279724
37.8017772035
37.2386060202
37.3244123013
37.4628149317
37.5739220047
37.7667057541
38.114211262
37.7481198836
37.3025351103
37.4072427223
37.553822216
37.5931844823
37.7390774826
38.1170475486
37.7633666823
37.2640272397
37.3707762832
37.4971090081
37.594184299
37.7120252367
38.0545522787
37.6735204168
37.2789078456
37.3479909784
37.5365132863
37.5938275269
37.7505726832
38.1993481461
37.8102565371
37.3126546216
37.3534028194
37.4449146693
37.5536798058
37.800388989
38.113551061
37.7604434447
37.3591942261
37.3669137523
37.4891829426
37.5790055537
37.8619467072
38.1843014905
37.7913164947
37.3328273701
37.399692858
37.5456345793
37.5653759962
37.830809515
38.2083889724
37.9051908214
37.3590684138
37.41377826
37.528887566
37.6156687126
37.8923020295
38.3128560313
37.797451397
37.3420863606
37.3717311762
37.5242121776
37.6044827126
37.8342482815
38.1634427248
37.7784719439
37.2829197831
37.3752276103
37.5016244875
37.5938233579
37.8119429379
38.1896204756
37.8280701662
37.241252987
37.3946368957
37.4907456653
37.632879973
37.7799664472
38.1198161617
37.765062024
37.3559422768
37.3940194762
37.5180062969
37.6062358681
37.8387690014
38.082090835
37.8347536686
37.3023869182
37.3868602233
37.5434894203
37.6438006784
37.8508537909
38.3153758935
37.7733923541
37.3229491915
37.3765781925
37.5263272896
37.6034277812
37.7616557711
38.289701787
37.7727326621
37.3837712987
37.38951712
37.5705521706
37.6432164666
37.9093936208
38.2953544666
37.8007748653
37.3423623664
37.4625891646
37.5268469429
37.5703225594
37.779969652
38.1504496412
37.7535425851
37.2726522908
37.3308253268
37.5348077322
37.6095604697
37.7959887372
38.2293876968
37.75570463
37.3441052995
37.4749146147
37.5524766145
37.6130110848
37.8312552728
38.2799266599
37.7345647934
37.3349042878
37.411716453
37.5528759419
37.6000237688
37.813818814
38.2107712304
37.851420146
37.2671643439
37.4559490345
37.5544651102
37.6016480801
37.7940196583
38.2501301569
37.7250683768
37.1847358991
37.402633231
37.5442669781
37.5791687453
37.7551647141
38.1460645756
37.7861285318
37.2510391006
37.4448590921
37.5397331732
37.5851301979
37.822448761
38.1647966985
37.8418098203
37.2169677513
37.4006222876
37.5637404877
37.6294802902
37.8755888494
38.3344782771
37.7740988877
37.323855192
37.4264261231
37.555790751
37.5857909654
37.8300117108
38.200291309
37.7688772081
37.2362285113
37.3772581624
37.4633090404
37.5611699236
37.755680549
38.212998245
37.7271596196
37.1922979614
37.2957246241
37.4154437272
37.5362179821
37.7592460718
38.1838234437
37.6992744407
37.2277209231
37.3308642851
37.5165011008
37.5785240605
37.7842118482
38.2173945622
37.7237535876
37.1941054299
37.3423588346
37.4511921818
37.5270137237
37.8431558209
38.2826456491
37.7159751076
37.2616058341
37.4041016716
37.5806500219
37.5633522057
37.8281387734
38.3470004012
37.8540665415
37.2187843147
37.3361337399
37.4677067528
37.598959039
37.7514156734
38.2031322333
37.8702200357
37.3384461771
37.376742954
37.4488635188
37.5214729943
37.6817184866
38.050524877
37.7785177953
37.2835926829
37.2901386281
37.4684664844
37.5112533573
37.8164294512
38.1489356081
37.8357592105
37.3182994719
37.3901244222
37.4638549069
37.600655447
37.8757273223
38.3099510862
37.8724852335
37.4086568505
37.3827510031
37.5052046943
37.633883608
37.8074347543
38.1807461426
37.8517882192
37.3309149545
37.4071038622
37.560870068
37.5586885213
37.8546628592
38.2874832815
37.8188061926
37.3267460565
37.38745826
37.4804302854
37.5938404734
37.8138923066
38.2707178469
37.7693778811
37.2690261767
37.4484872541
37.573915837
37.6232319891
37.7420813951
38.3175910447
37.7211786869
37.2994829568
37.4045664913
37.4907312596
37.6077850598
37.7256899689
38.2583489944
37.8671663278
37.2891448404
37.4221791941
37.5199059853
37.587338795
37.8408576735
38.1665672947
37.8067080897
37.3378827512
37.4373339846
37.526453461
37.5835171162
37.8155879012
38.1317695649
37.8552955282
37.27440336
37.3565774199
37.4516741977
37.5182854238
37.7145199942
38.2550256381
37.8189673501
37.3228523373
37.4262879455
37.5581641423
37.631747596
37.8335402367
38.2767305321
37.869772239
37.3538515086
37.3925246578
37.5313129249
37.5604259319
37.9254827459
38.2697592162
37.9007450845
37.3773286261
37.4988425636
37.5036699706
37.5935730942
37.8392420378
38.3093785424
37.8375005907
37.4550268121
37.4550631103
37.5653654427
37.5746615364
37.7599287975
38.1430893766
37.9028447794
37.378706894
37.4402198349
37.5395244174
37.6347175545
37.7778144704
38.3684063926
37.854323683
37.3346708373
37.4425786256
37.5356373981
37.6206547012
37.7795075038
38.2644255304
37.8275552014
37.3460313061
37.4440711506
37.5261921979
37.533140173
37.7646417121
38.338582659
37.8033616663
37.3279396033
37.4731913204
37.5725119572
37.6245583214
37.8833302675
38.3274342339
37.9062827636
37.3006396659
37.4356862007
37.5689855259
37.6007135035
37.8710849216
38.1731506413
37.8309824405
37.2636897078
37.3831748015
37.5951193752
37.6037163329
37.8997195893
38.3293850665
38.0494409068
37.3186889247
37.3962392107
37.5548313668
37.6246476776
37.8800747189
38.4850821917
37.9220995814
37.3235488624
37.4334064265
37.5313621196
37.5751310838
38.0029545872
38.3309541953
37.8888416609
37.2745496492
37.4653156226
37.445840153
37.4638234239
37.8034878868
38.2194109777
37.7271220848
37.3302754427
37.3918429818
37.450031637
37.5429109254
37.7568632816
38.19682931
37.6588154424
37.1913766215
37.3283482531
37.4787113319
37.5896475712
37.920069084
38.3166003445
37.7679130711
37.313077753
37.4290592034
37.4744516398
37.5540339062
37.7132689786
38.2477433396
37.7115303632
37.2390722263
37.3862636701
37.5401333747
37.6120078272
37.7562124387
38.2079810945
37.795143838
37.3037827604
37.3989408519
37.5005838861
37.5634129754
37.7706918445
38.3209877847
37.7706880238
37.2611527395
