39.9546515689
39.7475774599
39.6050147432
39.4935740195
39.3726620501
39.2462685733
39.1358221846
39.0568447371
39.0010589352
38.9326694749
38.8450036964
38.7414248944
38.6130482545
38.5987243846
38.5972984088
38.5279304517
38.3984590565
38.3438710428
38.4035249368
38.3247885531
38.3369815283
38.3101983609
38.3155019006
38.136336637
38.1524635118
38.2492040837
37.9232720336
37.8366556427
37.841000718
37.8260993798
37.8038538176
37.9023209659
37.7701692598
37.6962627754
37.8242460635
37.9438686794
37.9484729204
37.7559340076
37.7297257564
37.7205289377
37.690369529
37.8976110938
37.7837550247
37.6783804366
37.6179868107
37.4750032622
37.4968487879
37.6447752809
37.7799766647
37.9686095641
38.0054596736
37.9272670268
37.7416889214
37.8069983683
37.5530042333
37.6307093463
37.6363637001
37.5850248292
37.4728411623
37.5220554859
37.6112869892
37.6569583035
37.6982385907
37.6782931534
37.764469949
37.7417414779
37.4738313066
37.5468598317
37.6249152123
37.7139965924
37.5093938701
37.7219966773
37.8584135681
37.8350482924
37.6173659577
37.688736931
37.5622686201
37.4073989675
37.5997563131
37.5895105966
37.4913482758
37.4562815977
37.4522364269
37.4570163903
37.4509918511
37.4268410777
37.4448355524
37.3856293817
37.3569376486
37.583417111
37.5493929048
37.6592236039
37.5954501969
37.6174470706
37.7411017803
37.5568074992
37.4817035363
37.4577371526
37.5694576797
37.443035439
37.5847780011
37.591743904
37.5912966801
37.4798522383
37.441728399
37.5210351167
37.4883437479
37.4342496115
37.4775672862
37.5062403657
37.4701401571
37.4529377873
37.5787638582
37.664804309
37.6336692554
37.4279707743
37.5212979171
37.4636361068
37.4977650072
37.4647983989
37.3073304982
37.317570789
37.4170084826
37.3859610769
37.4247902923
37.6193223585
37.6714071983
37.6959275673
37.6276354732
37.6927308555
37.463670246
37.4345806861
37.3322670474
37.4757361716
37.6109618923
37.5603175442
37.4287479713
37.4823751279
37.5716298713
37.4411968654
37.4084757874
37.4556356165
37.5611853951
37.5956905297
37.5180889061
37.3857362125
37.414911632
37.3426130872
37.3878275751
37.4022777136
37.5249383268
37.5552645526
37.38770577
37.3788178875
37.4896756097
37.3754336398
37.5202396847
37.4105279863
37.3701389995
37.4429896046
37.5451263881
37.5423875069
37.5114082694
37.5695466374
37.4759091375
37.4125139448
37.4839373274
37.6079787153
37.4059233595
37.3975287451
37.5112217882
37.4295438174
37.4856883852
37.3798464823
37.4261061913
37.5472994662
37.6512131179
37.4168771691
37.5198264701
37.33878929
37.4271299345
37.5852777801
37.5266463882
37.5873064918
37.4036094747
37.4117845005
37.5669599874
37.5078138933
37.4198539722
37.3739068317
37.4175462246
37.3915537962
37.4516723663
37.5449971963
37.4360325541
37.4258557811
37.4516383794
37.3388885855
37.2983160476
37.3895028088
37.4374594253
37.714389022
37.7090027483
37.474189189
37.6487479056
37.6213146856
37.4372961779
37.4653845935
37.4962162576
37.5235537287
37.2705956227
37.2959261747
37.3670251615
37.3630591558
37.3000896056
37.5154936482
37.3338931734
37.4973546265
37.5291513515
37.6554979668
37.5394310491
37.1950276745
37.2355525348
37.4651763998
37.5842858603
37.5535414884
37.5980345728
37.6360787378
37.324757107
37.3791511031
37.3293217902
37.4152571706
37.4748380764
37.4868178614
37.351830946
37.449970635
37.3549222502
37.4913759821
37.4523799499
37.5622057477
37.4801187652
37.4380684396
37.4784340183
37.5949613683
37.4512281802
37.2723913814
37.1487421787
37.4530654171
37.37745263
37.6093033457
37.569175478
37.3630213641
37.4812035372
37.3441158661
37.4353546132
37.3352966871
37.4959340477
37.415309967
37.2794795609
37.5340691193
37.5328874481
37.398965952
37.3678100006
37.4995938639
37.4341295764
37.4226504124
37.4560217477
37.4585602122
37.564373533
37.4571058328
37.4574593269
37.5322848635
37.4297400858
37.3477139154
37.3693669385
37.3496305658
37.3065135926
37.4290610968
37.4825947282
37.442622648
37.4195559271
37.4983386378
37.3838488667
37.3918913437
37.4608293563
37.3947745376
37.404798333
37.5500946797
37.5591487038
37.3442453208
37.4279047874
37.2511093725
37.4546245772
37.4126119656
37.5143048382
37.499406692
37.573751243
37.7533756321
37.5990352283
37.4041038637
37.3278820695
37.2919660157
37.2201023962
37.2961354018
37.4849547003
37.5059213261
37.3776289403
37.4294233295
37.3732123117
37.4789576011
37.4687162511
37.3753739667
37.3587747907
37.6050158172
37.4450584889
37.3411858532
37.4625999465
37.4901910068
37.46014352
37.5265255205
37.5548532366
37.3528951009
37.276081353
37.3894673343
37.4286799266
37.4842245586
37.3696848599
37.3464377122
37.2565939115
37.4414403816
37.4077595208
37.4689146708
37.4728479261
37.4043729094
37.5188512094
37.6389942898
37.2565356357
37.3594127259
37.3153066518
37.5093140425
37.5834276548
37.5246272681
37.3185450215
37.3098038534
37.2989424877
37.2879059938
37.3510790869
37.3500872314
37.5744657771
37.331169352
37.4816503937
37.4087100345
37.4547583772
37.4263264573
37.5935955325
37.2023980201
37.2949449967
37.5137658288
37.4396815784
37.5812776682
37.6036085106
37.2683169116
37.4638838924
37.5142669797
37.3292528905
37.3128440575
37.2576899841
37.4234455862
37.3857892341
37.3934116489
37.3028481867
37.4596624336
37.3674691456
37.197540572
37.4663517198
37.5314619871
37.4787505012
37.4798313983
37.471555722
37.6711294006
37.4341165718
37.3441293618
37.4101588763
37.2992542345
37.2749295582
37.5345314089
37.4908328735
37.4850055207
37.4975862618
37.168420817
37.3367371308
37.3988664996
37.545461892
37.3444243544
37.3807940474
37.3703789068
37.3600052942
37.2430805177
37.4105538564
37.5683809186
37.5797217347
37.3420665754
37.3966867274
37.3437352183
37.3748039578
37.4361380814
37.5125465905
37.4516282359
37.3706584429
37.1890157683
37.3772787235
37.4422379837
37.4805893062
37.522082985
37.73016971
37.6170750558
37.2986104311
37.3570321382
37.1762742542
37.38071965
37.4617625478
37.5539905982
37.4185604088
37.4325226275
37.3611799003
37.3878175027
37.4325749149
37.4686839211
37.4559185276
37.3888480717
37.5424039184
37.4939237967
37.5459918879
37.3442528211
37.1950846869
37.3713561419
37.4608438266
37.4005656935
37.471389402
37.3907174177
37.4192127021
37.2703029601
37.3942998817
37.2052876125
37.3994635078
37.281413547
37.5145375838
37.2783629216
37.4605101635
37.6457155679
37.5210476113
37.6357224075
37.361343157
37.4080914931
37.3615161301
37.2664551143
37.144926842
37.2850205291
37.3243458096
37.3977537832
37.5232337835
37.454986951
37.4321161067
37.3940340797
37.4067523303
37.38536924
37.3839963336
37.2808569341
37.4027516545
37.5089490168
37.6148626954
37.5807373029
37.570976361
37.3526229839
37.3909360026
37.3207893041
37.3295579045
37.4136270894
37.3425854447
37.5352816634
37.3890042681
37.3064601228
37.3036842814
37.3218594799
37.3943407762
37.2502873682
37.3524879675
37.3978078398
37.4404077686
37.4757478305
37.4811080691
37.5441961525
37.5021125235
37.6039164298
37.30986776
37.3123540792
37.3427162637
37.3764432087
37.3672530948
37.3629841436
37.3648055559
37.3263030711
37.3444643468
37.4068980378
37.418297378
37.5773264956
37.6328685257
37.3441581749
37.4040689516
37.3294619455
37.243887193
37.3144324307
37.3486018493
37.2118364702
37.2111109702
37.3472490302
37.5023110893
37.4845553955
37.5309862844
37.3727448284
37.4623186156
37.5458233128
37.5134942999
37.3581711286
37.4851597421
37.3640410946
37.3240641713
37.4035047858
37.31817077
37.3488869718
37.3699721651
37.4896932266
37.3646140285
37.4829635825
37.4726498043
37.3717848085
37.3196954537
37.3475660602
37.4108084581
37.4242176579
37.4557181141
37.4319787505
37.4622961567
37.1933686603
37.2873147872
37.4222596259
37.4624949762
37.4929414241
37.5118648527
37.4088427295
37.244118898
37.3109082191
37.3857188042
37.3201296869
37.4148962143
37.2851737712
37.4851471243
37.509027261
37.6258675231
37.1937171619
37.407271562
37.4950268004
37.6481384565
37.3589619198
37.3585133836
37.4691133711
37.3553051889
37.295539233
37.419507504
37.3535526247
37.4382856414
37.322694054
37.3709789261
37.4448907232
37.2872702337
37.3963069493
37.3446840274
37.3356525761
37.3021714199
37.4825872637
37.538563294
37.39302808
37.4247704646
37.5498475256
37.4052947093
37.454195995
37.487398614
37.3683719595
37.3337833499
37.3933294182
37.2521007589
37.2124443686
37.4122059623
37.4436889863
37.3493032531
37.4095955903
37.4844070209
37.490448426
37.4937010993
37.2613535775
37.2177305034
37.3352405376
37.4569091023
37.4610941412
37.3402675887
37.378857727
37.3898704421
37.5195700655
37.4698416717
37.3408449437
37.40974877
37.1960613097
37.3284266461
37.1273718528
37.3895165914
37.4769645225
37.4221733422
37.4005445896
37.375821274
37.3558384383
37.2558943642
37.3916566007
37.350111762
37.4309914797
37.3424564759
37.2604428044
37.2076637308
37.3812416182
37.527558562
37.4838223216
37.5377873455
37.5919848165
37.5050542006
37.3648505731
37.3885868554
37.3345467259
37.3567744503
37.3186147998
37.4016127886
37.3076392555
37.2599747716
37.4869316041
37.3493847794
37.2478371659
37.3247707829
37.4360844699
37.5215112628
37.3734354236
37.4026125141
37.3608659275
37.3362521232
37.3363060596
37.3314369534
37.5322991634
37.4084021645
37.3025675763
37.173926261
37.2807165065
37.4107316002
37.5109048742
37.4833581061
37.5595342904
37.4657830875
37.4313681437
37.2767014522
37.245414954
37.3138016467
37.4632748194
37.3536290836
37.3449886973
37.2503011211
37.285883848
37.5454649648
37.5592275935
37.5172914422
37.5345233649
37.567936115
37.4768116258
37.3588066148
37.2096571317
37.0803191268
37.0453047216
37.3586686728
37.2119723699
37.3995935181
37.5305166712
37.5958760153
37.5028875099
37.2870789159
37.264001085
37.242635386
37.4093485692
37.3874711412
37.5373964533
37.4302532323
37.2097905289
37.4488198923
37.2692697676
37.3185185485
37.4727405854
37.452454156
37.4528748642
37.387239945
37.2977762672
37.473975359
37.5820026468
37.3430144333
37.3990916643
37.3331290284
37.5645455746
37.5883749531
37.359829446
37.3640390575
37.2881729106
37.3642635663
37.401889817
37.4837765026
37.4767455964
37.3740475448
37.2845483751
37.3441064684
37.312167367
37.35983754
37.4554211973
37.4894747457
37.4299713557
37.4312648548
37.4698451175
37.2127871719
37.3058317606
37.4108284596
37.1760668392
37.278031421
37.3508762311
37.5464572629
37.31355326
37.1657212044
37.2347357485
37.5170234121
37.5443465825
37.4595759427
37.3839925701
37.311161363
37.4353141804
37.3889650502
37.4492019942
37.3581392212
37.3093879223
37.2982297796
37.4328312221
37.3403198643
37.1446076512
37.3011236593
37.3940568227
37.3916514571
37.5434247691
37.4268145836
37.3775253528
37.3778392989
37.1578928228
37.2761633862
37.4135475733
37.3960333343
37.4869015888
37.2642030395
37.3833003372
37.3281465615
37.3606140867
37.3717815593
37.4421686554
37.3193924704
37.361451781
37.3456001308
37.3928973419
37.4208558578
37.299919685
37.3041067312
37.3968382687
37.5086666551
37.5471212431
37.3295527573
37.3315114212
37.2198266092
37.3638153706
37.2500078086
37.1751503986
37.4601024563
37.5569987982
37.5044815987
37.3396098721
37.3468489598
37.3811384399
37.3138997161
37.3083451619
37.2511204446
37.4302666701
37.4522436321
37.4521596698
37.4444346231
37.4401273528
37.4676683084
37.5783213151
37.4028673451
37.2923851739
37.2116278157
37.3832942759
37.4334053826
37.3427516733
37.4028934887
37.4493413165
37.4487784659
37.2457498768
37.2828336729
37.3753771664
37.3400041527
37.4753614313
37.4909028627
37.3132716821
37.2661964163
37.3570616222
37.3827348556
37.3982858301
37.3831219101
37.616122052
37.3247561779
37.2859926018
37.2130274612
37.2963657869
37.3398890873
37.4028472677
37.4069473028
37.2805990861
37.4005757664
37.3228939156
37.4002147631
37.3034045275
37.2255940062
37.4250025393
37.423192335
37.3211951265
37.3915623239
37.2440480138
37.3653635428
37.3719390021
37.5479946146
37.4276656827
37.3259941491
37.3330149674
37.2789297977
37.4201816548
37.0618374514
37.2074471676
37.4436418693
37.4981350427
37.4557035347
37.3956533311
37.4282026675
37.3945294003
37.3633572792
37.3741988297
37.4686388696
37.276934423
37.2938413303
37.505285547
37.4760291449
37.3225637636
37.3746785435
37.548702522
37.2746617773
37.2648039778
37.4158376046
37.3033460749
37.4074169673
37.4799601164
37.3169422137
37.367145682
37.4378900578
37.4947468251
37.310128671
37.3700585921
37.3523686883
37.2756898739
37.408351021
37.5262184613
37.2754529731
37.2530607966
37.1287016488
37.3682964388
37.439298348
37.3967266447
37.3812265077
37.3955025224
37.2388308824
37.2594269904
37.2957751799
37.370228214
37.5673737564
37.6020723049
37.3483097429
37.3949232219
37.360860736
37.2095031225
37.4157911695
37.4462962766
37.3507245542
37.5669277124
37.5168213505
37.5041613273
37.1603265247
37.2923068969
37.3151498079
37.2450607444
37.3235410949
37.324012638
37.3556488164
37.5817792266
37.3643601577
37.3419558617
37.416248921
37.3697209282
37.2026621769
37.3987938989
37.3084826302
37.3872868524
37.4216042827
37.1952304237
37.2967780468
37.2745043494
37.341445772
37.312635964
37.3078602625
37.5413581068
37.5258649307
37.5375367448
37.417018096
37.3989073721
37.3834056908
37.2857994123
37.2855155204
37.3152636041
37.4934138811
37.4639814163
37.4465171854
37.4225512424
37.3879139465
37.19962178
37.2894563802
37.2415212065
37.2568064299
37.2672803783
37.3285931886
37.3601923427
37.4394578065
37.4133660023
37.4351508352
37.3039975527
37.2275101598
37.3364828823
37.4170981727
37.4674849221
37.4513128697
37.5407854715
37.5707273323
37.4552913222
37.2146097575
37.2599423182
37.3257858537
37.3123286976
37.2926310054
37.3943436448
37.4825877133
37.2550696049
37.2781748175
37.4517785455
37.5225199341
37.4521461184
37.4641025172
37.2917011303
37.2246348353
37.2891783496
37.3032273742
37.2131339287
37.256779874
37.2756169128
37.3854391946
37.3283724731
37.4258003957
37.480874366
37.5118422668
37.3250563416
37.3376282216
37.4193210887
37.3431460619
37.2975620782
37.4221525679
37.3826224039
37.5201523474
37.4825502484
37.2950549514
37.2518553541
37.2846886613
37.3991391984
37.3872191425
37.2692442286
37.3093032552
37.2321276664
37.3653281588
37.4582720865
37.4512457533
37.5765661225
37.3925683966
37.401872016
37.285977762
37.3719225389
37.2704908818
37.3846709679
37.4271317155
37.3224606026
37.3432727949
37.5131926062
37.4048052125
37.4882970951
37.2780196571
37.3194113071
37.3159814597
37.2144544789
37.0855136709
37.1511664427
37.3903752768
37.5699645802
37.5556355417
37.5252078915
37.308620418
37.2147084906
37.5181938222
37.427444504
37.3577505281
37.529910739
37.3592208555
37.2624780588
37.3768629144
37.3181338023
37.2564764434
37.3621528585
37.3458220003
37.4546233021
37.2475357508
37.3978076155
37.256899314
37.4619820893
37.3036819034
37.334036092
37.4265114109
37.322913302
