5.18917660336
5.14317650317
5.12896359997
5.12205111423
5.11334043279
5.10718312274
5.09933709038
5.09078229557
5.08459591516
5.07992719832
5.07307584683
5.06921955538
5.0638590979
5.05807246872
5.05344663262
5.04767668108
5.04296443116
5.0383646064
5.03312276525
5.0317676292
5.02689113632
5.02142360358
5.01877415924
5.01533344222
5.01249651627
5.00842947108
5.00648793781
5.00312658218
5.00222978694
4.99852676298
4.99740575759
4.99661710952
4.99718230048
4.99160920689
4.99248624317
4.99137768557
4.98958345059
4.99276440171
4.98792879449
4.98909512339
4.98723579875
4.98869805351
4.98292252214
4.9830573228
4.98519914662
4.98475536007
4.98231225931
4.97867229415
4.98304475109
4.98212369987
4.98126910782
4.98505838467
4.98552201428
4.98426332034
4.9820572061
4.98039501388
4.97787181199
4.97935772802
4.98232172621
4.98021340463
4.98241998325
4.97830942586
4.97339306938
4.97690456074
4.97793109209
4.97614411632
4.97651683751
4.97389872086
4.97571962727
4.97916908201
4.97977504394
4.97808902325
4.97768627686
4.97667779522
4.97918765195
4.97748481649
4.98187584594
4.9761859394
4.98027439724
4.97062675772
4.97538646674
4.97594611802
4.97901750393
4.97382345848
4.97916557828
4.97640937718
4.98258736652
4.98107997499
4.97481957911
4.97689550256
4.97169432107
4.97297710162
4.96912272848
4.96995664054
4.97053269218
4.98220784177
4.97466342431
4.98049769298
4.97611197942
4.97771094694
4.97699717207
4.97729757482
4.97947016171
4.97906283844
4.97407447902
4.97276463457
4.97564451558
4.97256372292
4.97739799051
4.97872996097
4.96958653263
4.97602976493
4.97689823089
4.97460773857
4.97554109756
4.97232320011
4.96913559528
4.97763129022
4.9708582833
4.97159520577
4.97682240663
4.97229292964
4.97765188727
4.97698669963
4.97651481006
4.98153396251
4.9693362947
4.97306658585
4.97609679654
4.96783392094
4.97398300349
4.97120427924
4.97617537121
4.97248567624
4.96958878689
4.97108232563
4.97531610056
4.9743112828
4.9738603151
4.97683280594
4.97332091629
4.97656800273
4.97445736093
4.97703314386
4.97373403375
4.96927847473
4.96918251748
4.97307559876
4.97497248891
4.97635019856
4.97036878717
4.97342454116
4.97380079433
4.97091524924
4.97190836066
4.9727015838
4.97602758682
4.97192498049
4.97293926751
4.9740558745
4.96839853769
4.96994902286
4.97331779803
4.97131026238
4.9728370255
4.97590527349
4.97107681127
4.96874769536
4.97010462495
4.96885639671
4.96629296441
4.9703138532
4.97073337442
4.97073826499
4.97639920009
4.97020972071
4.9721690176
4.97106203229
4.97405491946
4.97187011549
4.96989321857
4.9740846398
4.97245328886
4.97121187417
4.96689556717
4.96683680707
4.96795855545
4.97319398849
4.97553990245
4.97021220959
4.97238849814
4.9679442672
4.96379063027
4.96924963968
4.97567537208
4.96988692641
4.97218678588
4.9782686908
4.97103763162
4.97131899062
4.97182260629
4.97191939668
4.96571073505
4.96565679218
4.96668777586
4.96542167346
4.97241924215
4.96980976683
4.9679460773
4.96921058009
4.97309676882
4.97649100538
4.97370733443
4.969662888
4.97049054544
4.96759081274
4.96905062653
4.96870046638
4.97059312622
4.97604215633
4.97391259261
4.97147338508
4.96706759995
4.96845065554
4.97114084941
4.96966448387
4.96982930799
4.96988349176
4.96782898412
4.97016185008
4.96678328049
4.96740450729
4.96767489717
4.96869661084
4.96711865068
4.96687503106
4.9709362073
4.97043736552
4.96342889479
4.96268256272
4.96835125767
4.96761698413
4.96860147328
4.96489580517
4.96739023524
4.97071843805
4.97472716792
4.96158879553
4.96710044475
4.96661590728
4.96519837911
4.96630513219
4.96481335652
4.96830020004
4.96556372587
4.97014956668
4.97075361669
4.96380888318
4.96699006814
4.96378963055
4.96274236223
4.96967094083
4.96481755856
4.96293425459
4.96451274283
4.96959050997
4.96734062311
4.96863981989
4.96418609314
4.96567012539
4.97026895842
4.9693061537
4.9686944489
4.96409815535
4.97089379233
4.96496469802
4.96365057098
4.96475070247
4.96406708038
4.96848377507
4.9641134938
4.96683454382
4.96516330779
4.96473232296
4.96441260332
4.96267272944
4.96153889664
4.96575523944
4.96229854291
4.96580842043
4.96733147772
4.97083431222
4.96522203047
4.96566035751
4.96041342225
4.96265688101
4.96457128223
4.96759121402
4.96865766267
4.96651576672
4.96424190584
4.96373073284
4.9671754106
4.96447843067
4.96071778477
4.96053259412
4.96134365145
4.96589327949
4.96691704432
4.97002844693
4.9626942968
4.96390607819
4.96219268921
4.96207401506
4.96654472237
4.97247148667
4.96254502436
4.96485052626
4.96743928934
4.96499270212
4.96560154207
4.96615948546
4.96838178299
4.9682872348
4.96504034588
4.96211818558
4.96480266195
4.96320753739
4.96209185234
4.96500194702
4.96626066438
4.96366677156
4.96276577731
4.96393911518
4.96399451913
4.96705287047
4.9636129591
4.96249790245
4.9629976761
4.96829196974
4.96832478107
4.96946259214
4.96527480878
4.96384058548
4.96565631893
4.96515911161
4.96102634283
4.95908988048
4.96388590372
4.96093880149
4.96800504463
4.96650735195
4.96351955511
4.96597795224
4.96401103597
4.9626338079
4.96270950395
4.96441845755
4.96905636812
4.96248695938
4.96364835826
4.96713560985
4.96231090879
4.96604861681
4.96318233836
4.96460133325
4.96143842477
4.96159690063
4.96789303271
4.96970707332
4.96703083588
4.96230464422
4.96058360958
4.96419335543
4.95843001968
4.96243620244
4.96255207049
4.9626254488
4.96670560041
4.96797771982
4.96223166695
4.96633814241
4.9647692497
4.95867757041
4.9605159591
4.96715122211
4.96518345845
4.96300003869
4.96294123292
4.96761922731
4.96019670795
4.96098975135
4.96846115168
4.96264717459
4.95671022455
4.96442523522
4.96153679947
4.96097160001
4.96593146763
4.96538910747
4.96520531033
4.96356801411
4.97075003531
4.96310414077
4.96392809394
4.96328912448
4.96280062734
4.96021826276
4.96157648016
4.96186706274
4.95945094317
4.96162740893
4.96415442601
4.96277890766
4.9654150561
4.9612790438
4.95930835664
4.96703869829
4.96479730799
4.9683762788
4.9635597495
4.97103592695
4.96975407741
4.96426461071
4.95732647687
4.96313222646
4.96406462939
4.96075256931
4.96400193941
4.96368828468
4.9648632917
4.96453571367
4.96707184725
4.9611709296
4.96046137631
4.96422454688
4.96311829455
4.96198757435
4.96495604749
4.96097049941
4.96366523797
4.96273381935
4.95939575765
4.96621430516
4.9629413108
4.96525649405
4.95800788521
4.96260579223
4.96366500874
4.9636013217
4.96542334523
4.96799853763
4.96216824857
4.96173468723
4.95688457768
4.96005893127
4.9647038897
4.96476652746
4.96168900441
4.96550162309
4.96107908519
4.96198526957
4.96202911962
4.95765744421
4.96111052587
4.96226340086
4.96199938572
4.96197267637
4.96578634354
4.96361703351
4.96448935825
4.96613267862
4.96239425519
4.95776130283
4.95505409621
4.9628186187
4.96557865729
4.96813623601
4.96723379526
4.96387718155
4.95962591277
4.96676991827
4.962012826
4.96100499081
4.96415157937
4.96386263073
4.95944564198
4.96161800651
4.96852685816
4.96608774686
4.95912053968
4.960944349
4.96145721842
4.96095316385
4.95897016145
4.96207605759
4.96329427152
4.96409552726
4.96388067707
4.96110653269
4.96022840313
4.95580823381
4.96074337493
4.96631505771
4.9642470628
4.9645802197
4.9682121772
4.96798047791
4.96801999714
4.96486705313
4.9585804048
4.95687131932
4.96412704896
4.96765821443
4.96703352005
4.96114901827
4.95947891081
4.95930650289
4.95910104989
4.96257103852
4.96120182533
4.96067252499
4.95852192481
4.96203942486
4.96012478537
4.95987938445
4.96116229571
4.96424550062
4.95857147889
4.95846705734
4.96166344033
4.96121726665
4.96282970798
4.9608728083
4.95763830312
4.96032748311
4.96462540691
4.96410497718
4.96105313303
4.96167609766
4.96203205456
4.9616024013
4.96206869862
4.95938569028
4.95837954147
4.96150279875
4.96327204949
4.96053004401
4.96198001939
4.96257584564
4.96109881391
4.96556422154
4.96020710002
4.9636254193
4.96234804117
4.96090010663
4.96217504861
4.96258693788
4.96487964067
4.95920547735
4.96407050639
4.9662888798
4.96434443949
4.9602270894
4.95954581984
4.96076543771
4.96034032174
4.96201755653
4.95986368592
4.96078559145
4.96003275023
4.96403369475
4.96568997685
4.95932877625
4.95939344286
4.96174140709
4.96319150257
4.95935746773
4.96407372494
4.96031478364
4.96194963598
4.95987878011
4.95825820849
4.95991224004
4.95843665095
4.96123722921
4.96170206532
4.9646605051
4.96534023154
4.96297951653
4.96489365167
4.96794805968
4.9614048322
4.96274991842
4.96149179071
4.9579834376
4.959661283
4.96220961701
4.96089504983
4.96376510492
4.9598578048
4.96444133829
4.95936675265
4.95821168271
4.96184470189
4.95939253634
4.96344700764
4.96236563951
4.9668808693
4.96124665703
4.96274376512
4.96391464913
4.96139529818
4.96218535927
4.95953516799
4.95919107184
4.959053909
4.95746575295
4.95924684719
4.95567984968
4.96401009475
4.96267891626
4.96265419344
4.96533513611
4.9642672098
4.96372063953
4.9612970717
4.95827426157
4.95908414451
4.95913502219
4.9623725389
4.96347360506
4.96336580003
4.95706830953
4.96000607792
4.95847702717
4.95968254235
4.96299452142
4.96133754335
4.9626180213
4.96272736827
4.96164876298
4.9608792165
4.96084649884
4.9607113077
4.95929708914
4.96018538435
4.95884075091
4.95849348938
4.96073392536
4.96413901646
4.96225986378
4.96528442971
4.96497827529
4.96347609453
4.96391465423
4.96322843719
4.95997040758
4.95556866462
4.95293265489
4.9530894714
4.9575772463
4.9639568767
4.96379437686
4.96239390635
4.96103436806
4.96072633024
4.9599672739
4.9604387994
4.96121939933
4.95884835499
4.96239194606
4.96117309697
4.96192792324
4.95853190721
4.95932680685
4.96207540553
4.96331512239
4.96316766223
4.95745565031
4.95910125443
4.9590080851
4.95804586891
4.95983523513
4.95953788979
4.96012287349
4.96177584486
4.9612104696
4.9597396718
4.95985225009
4.96523333203
4.96091423049
4.96082546679
4.96110776705
4.96313001306
4.96047635613
4.95898784591
4.95878142387
4.96311072811
4.96146678189
4.9626145407
4.96544739273
4.9622387055
4.95750686346
4.95629123218
4.96228627616
4.95998003388
4.96116371117
4.95780959843
4.96141349588
4.9626288437
4.95904824282
4.95821685059
4.95968541675
