5.16045112934
5.10827686375
5.09513266219
5.10087828165
5.09663404924
5.08781204731
5.08277212096
5.05663867426
5.04786189977
5.04396573717
5.05520308997
5.04829134122
5.03818311044
5.02425381012
4.9992576835
5.00751284245
5.01016292341
5.02398647554
5.01565375642
5.00688378492
4.99214298805
4.97191024339
4.99088299779
4.99276225511
5.00971942423
5.00208839147
5.00223925308
4.97950628438
4.96040330862
4.98658998818
4.99040090638
5.00168664189
4.99585221059
5.00044544827
4.97538799139
4.95893243675
4.98214691123
4.98891755511
5.00374701133
4.99485678263
5.00099169941
4.97753626193
4.95768872013
4.97775871056
4.98767925605
5.00247317069
4.99140779783
4.99832619244
4.9760051441
4.95875596512
4.98462153263
4.99096159559
5.00350499807
4.98962428253
5.00017027112
4.97334563528
4.9589068257
4.97775335361
4.98615135546
5.00127440818
4.98517990632
4.99967319142
4.97275503921
4.95688318973
4.97626689763
4.98372363939
4.993937991
4.98550981164
5.00372651923
4.97658613477
4.95354353768
4.97353498752
4.97948904149
4.99351819134
4.98439876546
5.00083676351
4.9746228596
4.95542051245
4.97550632498
4.98189705061
4.99402058693
4.98457390952
5.00357875262
4.97572841647
4.95041996009
4.97385094251
4.98027300746
4.99238757942
4.98138601524
4.9997152406
4.97238481108
4.95360944281
4.97315298305
4.98155479586
4.99264407764
4.97981500741
4.99244589427
4.97232732698
4.95077193213
4.97270899121
4.97506398785
4.98752735562
4.97927898272
4.99768139207
4.97376788216
4.95440934525
4.97569573609
4.97685358677
4.98392368502
4.97508004126
4.99235011311
4.9687008812
4.95082711318
4.97106519806
4.97627888364
4.99183391799
4.9791902727
4.99407615758
4.97143103483
4.95172990259
4.97111434328
4.97619130891
4.98663846978
4.97694114589
4.98996416242
4.97079585423
4.94987358615
4.9690839889
4.97526068732
4.98694984039
4.97461146005
4.99261574387
4.96791920392
4.94823683768
4.96970032738
4.97884260107
4.99048590937
4.97661345252
4.99585415838
4.97119417392
4.94905834065
4.96959416542
4.97954720853
4.98822753856
4.97848160439
4.9968460834
4.96830345308
4.95001004539
4.9652179239
4.97782310605
4.98754233458
4.97598180912
4.99775645123
4.97116789259
4.95108829253
4.9695273281
4.98284735543
4.99188819031
4.97668529252
4.99036243983
4.9645176267
4.95208100919
4.96869171327
4.97752066331
4.98816723764
4.97652528536
4.98964669666
4.96726428397
4.94822858343
4.97108756401
4.97962474502
4.98988035188
4.97574642063
4.99485979096
4.96681535876
4.94818495117
4.96671185592
4.97868010855
4.9889049148
4.97734572832
4.9951374599
4.96689776076
4.94962992833
4.96994225385
4.97841858835
4.98622480879
4.97680621579
4.99434034904
4.96662834738
4.94849840982
4.96810722774
4.97708348337
4.98773239048
4.97569336739
4.99350009683
4.96751676381
4.95081783044
4.97121277668
4.97801482729
4.98477989681
4.97398913272
4.99341324889
4.96500377344
4.948236057
4.9693052478
4.98186016372
4.98317424535
4.97486617976
4.99854443751
4.96939198089
4.94963920339
4.969636835
4.98247622103
4.98551197776
4.97350163525
4.99237452238
4.96649931398
4.94865961583
4.96833631337
4.97621295529
4.9837823932
4.97334328244
4.98981962126
4.96725364196
4.94920426148
4.96757657737
4.98438178158
4.98650276973
4.97212805259
4.99138758655
4.96626805174
4.94946204665
4.96845861286
4.97998489288
4.98922362515
4.97339828274
4.98909932012
4.96751804267
4.94667794639
4.97063685643
4.98089466289
4.98668416292
4.97139990391
4.99243237939
4.96617530666
4.94749099331
4.96837505492
4.97994681218
4.9908069797
4.97365930649
4.99009323033
4.96767679566
4.94666656175
4.96650146618
4.98372591026
4.99077109897
4.97332273481
4.99216481195
4.96789833025
4.94678226425
4.96918534632
4.98351969793
4.98598809143
4.97345833977
4.98980070353
4.96569222442
4.94688973337
4.96930939745
4.98382346976
4.98663514472
4.97123959842
4.98796093217
4.96652988569
4.94948998913
4.97256961325
4.97760256527
4.98697736239
4.97506993224
4.98661632364
4.96559909856
4.94672443081
4.97151562653
4.98412279277
4.9871117384
4.9729227194
4.98834925991
4.96442498633
4.94613970181
4.96825035131
4.97654774318
4.9907232792
4.97369852631
4.98450970088
4.96388342784
4.94745010368
4.96712407848
4.97319723983
4.98840688741
4.97447949748
4.98962307732
4.96656335594
4.9474480786
4.96971622108
4.98664118371
4.98763228363
4.97448465902
4.98795201236
4.96784331166
4.9471702671
4.96780798394
4.97751322231
4.98656896484
4.97599190757
4.98769250366
4.96528858234
4.94701290057
4.96833704232
4.97770003885
4.9915764786
4.97295999549
4.98394259349
4.9651656232
4.94741051028
4.97212881383
4.97661104513
4.98461122313
4.97080324494
4.97868379696
4.96161231262
4.94599157245
4.9690188355
4.97854413925
4.9833577369
4.97412192695
4.98300551874
4.96050487767
4.94875225121
4.96979105658
4.98258316754
4.9864201447
4.97268236407
4.98307424142
4.96419638844
4.94925712125
4.96911532599
4.97842452424
4.99116583155
4.97251051365
4.98403106654
4.96156589492
4.9507794768
4.96781971961
4.98477332277
4.98717205723
4.97268552424
4.98425120837
4.96561019902
4.94871135913
4.96795025843
4.97833107527
4.98425023774
4.97093219639
4.98369682403
4.96590685563
4.95051625047
4.96587001385
4.97717784748
4.99466638497
4.97394922233
4.98638160713
4.96429574909
4.95000186299
4.97020315669
4.98083096568
4.99003278687
4.97602818194
4.98732508195
4.96438800787
4.94740696118
4.96703411267
4.97675509995
4.98662426582
4.9747105684
4.98964060179
4.96266615843
4.94896344901
4.9732458815
4.9845230342
4.98664008258
4.97581580968
4.98764982407
4.96379682202
4.94878515273
4.96684491259
4.97898772648
4.98597665238
4.97324655534
4.98782404973
4.96389996061
4.94649403007
4.96641625284
4.97695790381
4.98492270972
4.97348411679
4.98856608439
4.96409714985
4.94983778588
4.96789305839
4.97614152161
4.98404885251
4.97303696547
4.98890691117
4.96322704075
4.9502547062
4.96574473103
4.98007096801
4.98979233448
4.97338865204
4.9896995749
4.96329001574
4.95104524533
4.96787956308
4.98130420235
4.98684796372
4.9757251176
4.98756627708
4.96382571343
4.94906900023
4.96610442945
4.98181961166
4.98685190409
4.97411646145
4.98772579687
4.96333703693
4.9459671119
4.96713728163
4.97814972845
4.98053261742
4.97364226086
4.9879818314
4.96158181089
4.95097359012
4.9691156385
4.98367878305
4.9859687078
4.97408822432
4.98665160269
4.9628184046
4.9488656868
4.96566327858
4.98170802025
4.98958275939
4.97353976066
4.98615043017
4.96157320461
4.94912082438
4.96558361466
4.97903142468
4.98941427261
4.97235156845
4.98792079879
4.96353281162
4.9533354041
4.96790626909
4.97997872497
4.9829222483
4.97523596316
4.99369216029
4.96400726099
4.94988692722
4.96586919353
4.98278307236
4.99302247123
4.9733359214
4.98667154327
4.96222385492
4.95298401138
4.96368956186
4.97922077135
4.98682952415
4.97259384146
4.98425012254
4.96278195332
4.94758586939
4.96576819592
4.98068422443
4.98704677975
4.9729108775
4.98704465762
4.96453570549
4.94856985351
4.96933716429
4.98572833025
4.98560880562
4.97418523229
4.98785247554
4.96255276773
4.94828306005
4.9627906699
4.98394586187
4.98211466554
4.96966648416
4.98637488946
4.96397818591
4.94748596628
4.96610131786
4.98030658876
4.98768186674
4.97191921115
4.98462501075
4.96213094808
4.94836647101
4.96390276606
4.9839669703
4.98429938381
4.97253988484
4.98843333811
4.96195494282
4.94899011671
4.96472545915
4.97582869302
4.98565370098
4.97369607072
4.98805519677
4.96109094887
4.94594653442
4.96678486604
4.9842964845
4.97916795039
4.97329598663
4.98940012962
4.9613496193
4.94955101083
4.96230633449
4.97917509206
4.98793326494
4.97324122267
4.99260797304
4.96004237115
4.94981244457
4.96439843998
4.98365123985
4.98332262657
4.97183287818
4.98918401679
4.96114679293
4.95147639171
4.9664989504
4.98294600828
4.9846666721
4.97403181242
4.98806032175
4.96232747259
4.95282970579
4.96841116203
4.98207886715
4.98327193411
4.97263054981
4.98916936531
4.96090474143
4.94885735119
4.96254360974
4.98257436883
4.9906404037
4.97449031536
4.98590120138
4.96119582026
4.94906392351
4.96292989456
4.9834913209
4.99117024237
4.97440804209
4.98897924795
4.96058448593
4.95559440657
4.96704433657
4.98349859399
4.99916783056
4.97549318233
4.990568418
4.96094776132
4.95465308628
4.96612794656
4.98203683243
4.98764030383
4.97829111297
4.98865899409
4.96101086683
4.95214908834
4.96519996226
4.98110457967
4.985793771
4.97440829209
4.99445138419
4.96048701494
4.9560087831
4.96906129842
4.9862328747
4.98710518433
4.97702765707
4.98764277912
4.96270343173
4.9509594046
4.96513465911
4.98064997518
4.98817598871
4.97314792166
4.99192004518
4.96054601725
4.95146528652
4.96567808348
4.98422166568
4.98151336723
4.9756952325
4.99244147832
4.96127470772
4.94959937738
4.96711838506
4.98039027796
4.98386176087
4.97602058501
4.99097025315
4.95969195291
4.9502598282
4.96411091707
4.98429448088
4.98340616304
4.9740588664
4.99598132509
4.95850527661
4.94847151392
4.96259979304
4.98405853157
4.98468803768
4.97666589776
4.99040617019
4.96174654021
4.9493862689
4.96194493501
4.98441939584
4.9823005877
4.97497743129
4.99331419255
4.96183029671
4.95316274535
4.96564991172
4.98562236582
4.98417399506
4.97468937005
4.99526222002
4.96211273337
4.9488611361
4.96247166393
4.98248190601
4.98672971798
4.97455653757
4.99636117853
4.96123202952
4.95475656804
4.96142835789
4.97970054375
4.98987794483
4.97746959087
4.99711762496
4.96247404033
4.94980554544
4.96392675139
4.97957834231
4.98522884351
4.97338466861
4.99874412687
4.96420426887
4.95221064452
4.96376708159
4.97829239977
4.98458453159
4.97551275453
4.99359440373
4.96241223327
4.953170368
4.96409247312
4.98143783668
4.98815173155
4.97169694372
4.9901332011
4.96143306584
4.95274942249
4.96273797179
4.98055755392
4.9839695652
4.97332847226
4.99409540007
4.96229848626
4.94635214548
4.96317031345
4.97949436078
4.98409729404
4.97531990152
4.99511181824
4.96050366031
4.94961254365
4.96665368151
4.97738414626
4.98391159825
4.97360815548
4.99563599721
4.96249079992
4.94882525426
4.96583469592
4.98358182542
4.98730892773
4.97373539038
4.99132695415
4.96151007734
4.94896245154
4.96055826138
4.97859122402
4.98209362661
4.97272305889
4.99043322459
4.96464910599
4.95356812915
4.96260322962
4.97785659437
4.98274191487
4.97067507881
4.99330395604
4.96253541003
4.95044454272
4.9638740971
4.97753637629
4.98289392477
4.97205594474
4.99872500188
4.96405919992
4.95256928206
4.96593902067
4.9750096315
4.98476510015
4.97108720119
4.98670206024
4.96007505893
4.94842336125
4.96360497626
4.9801915637
4.98340612691
4.97205297712
4.99205208013
4.96223785229
4.95390039828
4.96338932855
4.98096189408
4.98522963269
4.9690757334
4.99240716097
4.95902293173
4.95147230323
4.96012271742
4.980787114
4.98431826678
4.97005217238
4.98922126602
4.95954430009
4.95262447682
4.96694295701
4.98194563497
4.98936298201
4.97125613529
4.99434163246
4.96511105608
4.94919195871
4.9620910095
4.97923908007
4.98589638744
4.97340408631
4.99871536011
4.96265152107
4.95185057802
4.96511938115
4.98020450006
4.98493285469
4.97215968927
4.99245181841
4.96231950673
4.95194970695
4.96390220748
4.98013077184
4.98104518865
4.96942174323
4.99777648482
4.96396245955
4.95535169189
4.96154781616
4.97827656237
4.9823275573
4.96955695936
4.99218308392
4.96067428904
4.94593307819
4.96311087397
4.97674963099
4.98489288754
4.97107989806
4.99710382652
4.96247214747
4.95176464218
4.96861524797
4.98039139289
4.98358320078
4.97082983141
4.99843748312
4.96397061281
4.95047225949
4.96520287582
4.97667062707
4.98827087501
4.97025560084
4.99099395666
4.95959631141
4.94966891002
4.96301238334
4.9811413255
4.98659703173
4.96874198457
4.98969814805
4.95883925635
4.9481862768
4.96355122206
4.98323446309
4.98421522963
4.97122102068
4.99307762883
4.96172299285
4.95515646572
4.96810779086
4.98317076622
4.98636336013
4.97345785936
4.99183186495
4.96073795469
4.95107614914
4.96780952271
4.97768619358
4.98407015694
4.97157295061
4.99844862285
4.96049529996
4.94811454242
4.96769178467
4.97642811248
4.98796718647
4.97203446239
4.99457567215
4.96211566729
4.94901358038
4.96628904261
4.97648214644
4.9834914309
4.9727703178
4.99414909422
4.96341301543
4.9501376358
4.96761057411
4.98272289914
4.98879588425
4.9714745302
4.9929501612
4.96158088351
4.95740947061
4.97025424433
4.98075706069
4.98293717301
4.97406578029
4.99553744465
4.95995415415
4.94831590621
4.96286275922
4.98030006925
4.97820232839
4.97259281346
4.99547302108
4.96551048712
4.95176017578
4.96938891044
4.97832987622
4.98224129653
4.9707252423
5.00071479414
4.96370717487
4.95282191484
4.96973263018
4.97615879154
4.98578081904
4.97092803056
4.99464413185
4.96445592068
4.95206352845
4.9676664226
4.97598714886
4.98452863868
4.97231859959
4.99582536558
4.96398232941
4.95144425294
4.97220176003
4.97922646102
4.98262532423
4.97440840532
4.99267590956
4.96275805679
4.9522962768
4.96794571608
4.97703787257
4.97912992649
4.97234250237
4.99557114704
4.96332375924
4.95067898235
4.966474975
4.97848420158
4.98879630998
4.97160879815
4.99597459177
4.96231966899
4.95283177711
4.9692524888
4.97970685245
4.9888305056
4.97053672487
4.99348855439
4.96297446528
4.95093344473
4.96861567333
4.97685894742
4.98395665864
4.96890778817
4.99856883365
4.96627509257
4.95194876609
4.9677340476
4.98309078398
4.98688086386
4.97247891867
4.99654015786
4.96548860714
4.95251589799
4.96700408076
4.9776663625
4.98614741302
4.97268975909
4.9928010328
4.96729729898
4.95023593678
4.96816570534
4.98269625964
4.99186417735
4.97189543193
4.99592093862
4.9642680591
4.95169704237
4.96876736381
4.98020415602
4.98865625325
4.97077648255
4.99604354459
4.96505379993
4.94978316272
4.96644656696
4.98062276877
4.98665732315
4.97255989098
4.9949285808
4.96316238683
4.95324868401
4.9673598252
4.97937900583
4.98232347763
4.97090603412
4.98909460525
4.96238274063
4.95074089049
4.97108072181
4.98730359045
4.98464998898
4.97048363292
4.99174247393
4.96173684741
4.95035815841
4.97062825798
4.97612747862
4.98668605197
4.9711532645
4.98917298267
4.96342265424
4.95060515442
4.96688160956
4.97774842708
4.98490876182
4.97277187617
4.99667641295
4.96008160598
4.95015983264
4.96640261586
4.98174783068
4.99085467463
4.97279565609
4.98896120816
4.96015490146
4.9509154221
4.97075246298
4.98592040442
4.98669584359
4.97125053425
4.99077757796
4.96221356441
4.95093121487
4.96438062662
4.98211531432
4.98946505974
4.97244447024
4.98965051057
4.96439253912
4.951168982
4.96365091752
4.97771721822
4.99241714394
4.96982299586
4.9869637535
4.96169099594
4.95182020038
4.96535668152
4.97684701214
4.98787812908
4.97239717947
4.99074032618
4.96321953105
4.94653811225
4.96485120783
4.98138752793
4.98253239452
4.97276681669
4.9887487185
4.96169818271
4.95211866492
4.96944310293
4.98455998444
4.98736621768
4.9710259666
4.99610106649
4.95973077862
4.94886224199
4.9711706322
4.98362823368
4.98908429625
4.97259099888
4.99090053929
4.96032122113
4.94702949436
4.96728855869
4.9802138184
4.98469832077
4.97248891259
4.99473326551
4.96009998108
4.95041089603
4.96471902452
4.98824563462
4.99116007645
4.97254170895
4.99454167524
4.96154039042
4.95105321154
4.96687329868
4.97747516207
4.98913130111
4.97203591631
4.99384072407
4.95888502966
4.95007257165
4.96706804523
4.9770490274
4.98226955542
4.9733216663
4.99083406747
4.96338980253
4.95027371135
4.96680791768
4.97765985445
4.98388630159
4.97156731336
4.99699383765
4.96154977358
4.94809226706
4.97036293599
4.98047937349
4.99175550854
4.97422411031
4.995861082
4.95770769274
4.95076465323
4.97028683771
4.97709806986
4.99188551114
4.97307706146
4.99534667365
4.95801510836
4.95005354605
4.96789226063
4.98059325256
4.98912657306
4.97354335421
5.00005190507
4.96062484275
4.95206569855
4.96878219022
4.98145106769
4.9838113454
4.97523640374
4.99417202905
4.9636476807
4.94884798
4.96890711994
4.97854905041
4.98130960745
4.97514453484
4.99382617484
4.9595789876
4.94894591035
4.96458244322
4.97597259172
4.9844919716
4.97292983733
4.99219060124
4.95983452006
4.94809703707
4.96649637543
4.98195777574
4.9869993654
4.97506750341
4.99335936481
4.96023899024
4.95202965544
4.96673866968
4.98301101682
4.98545611969
4.97745687152
4.99443008213
4.95972853824
4.94847500788
4.96393259836
4.98052320717
4.99541414372
4.97178951127
4.99217568097
4.95890639208
4.95037320465
4.96284846692
4.97847579508
4.98614422895
4.97245905229
4.98528872017
4.95916648156
4.95028117547
4.96564006756
4.9791609952
4.98910651583
4.9726834815
4.98556681248
4.95938927274
4.95334637909
4.96472869012
4.97922265869
4.98188504634
4.97391249323
4.99343106987
4.96063739439
4.94686101307
4.96534744952
4.97186322279
4.98553679165
4.97408248004
4.99351154666
4.96417611595
4.95402474828
4.96187309372
4.9788648146
4.99023932684
4.97140363983
4.98855734434
4.96201457115
4.94945807925
4.96552739949
4.9740979576
4.97811965578
4.97146843447
4.99181116201
4.96100780006
4.94984533065
4.96754598043
4.97433460889
4.97859821776
4.97374962992
4.99324812451
4.96265901951
4.94964731694
4.96276971629
4.97504977328
4.98234817842
4.9702384974
4.99212902457
4.9657104853
4.94809434961
4.9674701432
4.97684471623
4.98218155975
4.97135487632
4.98676596958
4.96153182016
4.94841859247
4.9618534255
4.97559612473
4.9854595544
4.9716612366
4.9972767166
4.96048859896
4.94755475678
4.966352176
4.97891183008
4.98580936595
4.97159773621
4.99626511505
4.96347814132
4.94945915221
4.96604573946
4.97728399931
4.98725175751
4.97105954451
4.98731061345
4.95978796386
4.95107842322
4.96045614757
4.98061001557
4.98736652864
4.97181622303
4.99110905386
4.96282618513
4.95103044718
4.96252052682
4.97806887339
4.98583473174
4.97037417898
4.99386536446
4.95878832887
4.94950672156
4.96749555329
4.97316291788
4.98795748018
4.96865060904
5.00050605919
4.95733154967
4.94828985852
4.96708557464
4.97774592712
4.98958355628
4.97041983719
4.99006934256
4.96036398058
4.95199891038
4.96406936792
4.98182634191
4.98512480274
4.97105155735
4.99306821266
4.96089424198
4.94768217697
4.96569352596
4.97923239468
4.98048187236
4.97212610859
4.99042673274
4.95982587643
4.95011348358
4.96578167485
4.98038598058
4.97944251006
4.96951704526
4.99266742721
4.96003867945
4.94982384545
4.96999570835
4.97642832285
4.98995631125
4.97386078008
4.99216728781
4.96038570716
4.94942772285
