36.5107395987
36.202231715
36.2479490904
36.1841593295
36.1211393748
36.0766947841
35.9351268978
35.3420931925
35.6141306895
35.8935492544
36.0082895513
35.9165348558
36.0677381329
35.7001802186
34.9488798923
35.7018050786
36.0092725656
36.2119496662
35.914083548
35.9343565335
35.4683820312
34.7535909804
35.6404398503
35.7650037869
36.1746909692
35.8484390496
36.0772191979
35.2655194531
34.574945007
35.5916747134
35.7579680981
36.0053979094
35.7587721058
36.0594532628
35.1825709487
34.5799421217
35.4528539957
35.7252680495
36.153976625
35.7849469006
36.0927302833
35.2612754993
34.5981442083
35.2726553115
35.6369381337
36.1115286397
35.6656197005
35.9796885332
35.1905607873
34.6527949198
35.465961489
35.7497196093
36.1619150124
35.6119276741
36.0552159608
35.0895723171
34.6612668511
35.2777031206
35.5653593598
36.0791675075
35.4429465153
36.0246511957
35.0512511811
34.5432951676
35.1844420152
35.4694416238
35.8151531282
35.4626939015
36.1634525616
35.1968581688
34.4193424937
35.079826368
35.3765728799
35.788661109
35.4288788719
36.0296983214
35.1239051123
34.4710190957
35.1557763908
35.4327045833
35.7941115192
35.4204351884
36.1428474672
35.169467539
34.3702573567
35.1109712763
35.3808845524
35.7476816334
35.297514821
36.0086515402
35.0741593765
34.418754567
35.1035489371
35.3965512772
35.7572758576
35.2508435981
35.7556780054
35.03946417
34.3521021143
35.0433491568
35.2047319272
35.5656276636
35.2249659318
35.7698289358
35.070459094
34.5010473151
35.1470841134
35.2254401661
35.4193278649
35.0924300786
35.7624564295
34.9145215759
34.3483736794
34.999584489
35.1942245561
35.7291853134
35.2260991536
35.8196833773
35.0074649549
34.3427046459
35.0219996417
35.2126818406
35.5496976845
35.1481112832
35.6654602244
34.9993318469
34.3240514194
34.9159900155
35.1904192302
35.5405800191
35.0853819489
35.7697758762
34.881635368
34.2724183654
34.9589570038
35.2948218845
35.6768763173
35.1357518369
35.879477531
35.0079015676
34.3301932418
34.9485707377
35.3126667087
35.6011201836
35.2069175097
35.9460794572
34.9272916435
34.3128892789
34.893879608
35.2760707893
35.6063618131
35.107818575
35.8748797719
35.0103274287
34.3422554311
34.9334944869
35.4347463007
35.7389747568
35.1418368004
35.7232979196
34.7964509226
34.4220579714
34.898978863
35.267530642
35.6142014692
35.1437647584
35.7284933893
34.8677782329
34.236806903
34.9829264175
35.3165128389
35.6801828403
35.1135165753
35.7647552188
34.8509214602
34.2502612335
34.8554132503
35.3166338195
35.6433990286
35.1834809489
35.8835281354
34.8755191597
34.3265707676
34.9595327887
35.2903688096
35.5406706878
35.1721485603
35.8495608934
34.8722159535
34.282923406
34.8929862502
35.2507922873
35.6084629772
35.1363296548
35.8684599297
34.8990194081
34.3692121901
35.015582936
35.2788218692
35.4903444814
35.0713764136
35.8468798147
34.7899535624
34.2430742276
34.9325832936
35.4529143624
35.444617049
35.1001175473
36.0036016288
34.9534098695
34.3681230966
34.9762933125
35.4351071697
35.5244888622
35.0423611818
35.8319463491
34.861753456
34.2937518581
34.9072452423
35.2479653663
35.4718280308
35.0538447438
35.7254922725
34.9115975241
34.2973534244
34.8829293842
35.4950609299
35.5555065115
34.9921039566
35.7623986281
34.8644661978
34.323238928
34.9328103398
35.3891817236
35.6529147785
35.0434721963
35.7041803158
34.9333907332
34.2404192729
34.9784193893
35.3700947001
35.5762910481
34.9718628566
35.8152861505
34.8607054281
34.234331148
34.9371012375
35.417981929
35.7384440961
35.0510849139
35.7915512385
34.8990260639
34.2534221327
34.8457216756
35.5295531332
35.7209832776
35.0639466413
35.764535288
34.9258637275
34.2458513363
34.9447522264
35.4629027373
35.5480120062
35.0560338716
35.7804994749
34.8553127469
34.2256411032
34.9552406077
35.5747742911
35.5772467528
34.9845042738
35.6565166038
34.8759856621
34.3000917658
35.0521553713
35.2770511093
35.5838749962
35.1175806028
35.6372706148
34.8563977666
34.3017700525
35.0266868584
35.4931078369
35.6031537577
35.0526791274
35.6774813661
34.8071564299
34.2110393106
34.9196035287
35.2493244612
35.7257735935
35.0664562861
35.5526408524
34.7916500054
34.2375712687
34.9646939468
35.1993228811
35.6428139202
35.1013573675
35.7648149016
34.8573961237
34.2629441436
34.9722707002
35.5798016336
35.6176033842
35.0976307894
35.6995571495
34.9159479641
34.2219920747
34.9225311782
35.2929290127
35.5739228903
35.1640371228
35.663929848
34.8441827288
34.3366698185
34.9423038166
35.3296141979
35.7754604103
35.0386046184
35.6178000603
34.8259585134
34.3731832988
35.0527477743
35.416831778
35.5126998213
34.989775054
35.4608194827
34.73665851
34.254719509
34.9375318644
35.340090172
35.4851053858
35.0847749415
35.500830683
34.6833458769
34.3159418788
34.994394281
35.46461204
35.5893719671
35.0375297845
35.5271797964
34.7795280302
34.329660646
34.9548804224
35.3221189431
35.7480785991
35.0224182505
35.5732883973
34.7395227425
34.3574298475
34.9245124104
35.5404026547
35.6068110822
35.0381351958
35.6119060192
34.8337624107
34.3156658832
34.9463235289
35.3420753816
35.4940510999
34.9763477265
35.5306777363
34.8583312973
34.3562440398
34.8869121429
35.2761043327
35.9243939401
35.0840205834
35.60781554
34.7857494157
34.3212522932
34.9838940165
35.3706987909
35.7031887684
35.1729779353
35.5661902516
34.8243123801
34.3013632589
34.9005249208
35.3435332838
35.5723624285
35.119789553
35.7695973915
34.7477066391
34.3470671599
35.1050672035
35.5151172233
35.5965896308
35.1796012404
35.7052868691
34.7818272962
34.3054427929
34.928655215
35.3290527229
35.5948858095
35.0737274127
35.6662220643
34.7816453878
34.2619916021
34.9339508005
35.3113410753
35.5267545854
35.0734010577
35.7473265425
34.7989596825
34.3029627998
34.9036096704
35.2293129886
35.4948176396
35.0517126049
35.6894573704
34.7669625494
34.3425217149
34.8373742082
35.3610011931
35.7083046241
35.0762654676
35.743142861
34.787300775
34.3880193319
34.9745946536
35.4100560189
35.6377733339
35.1666843989
35.7365445869
34.7836199513
34.3132693655
34.865546347
35.46418759
35.608840696
35.11678285
35.7244932149
34.77599215
34.2613868777
34.8966580931
35.3077187494
35.3927339698
35.0844239939
35.693572163
34.7145007182
34.3627684828
34.9713749102
35.5167852342
35.5721208683
35.0959353064
35.6115780032
34.7540511536
34.3355453182
34.8868275031
35.40064144
35.6967468724
35.0765403396
35.6044248499
34.6988726606
34.3311674919
34.8671716712
35.3347326406
35.6944710745
35.0358023843
35.7501786229
34.7852390048
34.4426422599
34.9296886405
35.3894021689
35.4759370362
35.1485757007
35.8950122295
34.7897880968
34.3306759272
34.8510877936
35.4559851691
35.8525120462
35.0794182979
35.7217683994
34.7390722749
34.4435002109
34.7710499601
35.3516197327
35.6218550986
35.0498539797
35.6380200692
34.7580998065
34.2912947452
34.8419147534
35.3927854078
35.6038297402
35.05960999
35.6546127832
34.8116431117
34.3069424302
34.9583161334
35.5734813604
35.5589961368
35.0937946934
35.6902142667
34.7263522167
34.2804852383
34.7909784636
35.5155434262
35.4236546304
34.9810246874
35.7246512927
34.7917821408
34.2993580681
34.8548335047
35.4000134345
35.6212869117
35.0478320631
35.5901815226
34.7282372938
34.3410449713
34.8439712363
35.5201324837
35.49306626
35.0432717307
35.703078261
34.7203756162
34.2977726078
34.8289922015
35.2821931194
35.5828864234
35.1003453169
35.7437311935
34.7085535685
34.2321065326
34.8710274968
35.5295070306
35.3043892707
35.0847414258
35.7435031024
34.7116524239
34.3411903715
34.8439287093
35.3487211764
35.6472305413
35.0813346595
35.8683161536
34.6594768875
34.3368727546
34.8337270708
35.492906478
35.4797532292
35.0254970043
35.7685322514
34.7144940581
34.4200467464
34.9035068271
35.4984102555
35.5217708377
35.106682532
35.6676941556
34.7290639264
34.4446504103
34.9551103664
35.4452703047
35.4815423741
35.0704106373
35.7715781233
34.6970949059
34.3157626042
34.748952527
35.5409958471
35.7442984916
35.1377924152
35.6689671862
34.6949447405
34.3452972052
34.7682553894
35.5108888635
35.7743973666
35.1304786134
35.7794567691
34.6868799523
34.5713313179
34.885449527
35.4873621546
36.0531428333
35.162168197
35.8788125019
34.6867768822
34.5710690619
34.8631230058
35.4350532765
35.6384668411
35.2781537726
35.7520776526
34.6962442767
34.4221862117
34.848556037
35.4539129099
35.5662293087
35.1373251585
35.9394282951
34.6744084328
34.5643954654
34.9698139606
35.5856146638
35.6223604888
35.2106813149
35.8071135909
34.7441735768
34.3661029872
34.8233870107
35.402322561
35.6586257753
35.0879689386
35.885036101
34.6688852753
34.4241406626
34.8377672465
35.5062174347
35.4269698222
35.1775094602
35.9759299295
34.6980487215
34.3184056756
34.8838966936
35.432896465
35.4944052914
35.1727312173
35.8218668518
34.6376741183
34.3661260186
34.7854966909
35.5016823512
35.4842662089
35.116564176
36.0025355005
34.6080746257
34.3418349364
34.7708381309
35.5086467035
35.525432054
35.2026274912
35.7955094553
34.6934177816
34.3437118252
34.7014821057
35.5197165452
35.4349190069
35.1587455536
35.9862507391
34.7082098273
34.4657892446
34.8687707012
35.5810405371
35.5057651851
35.1278143219
35.9754320021
34.7219349568
34.3076310743
34.7674051005
35.4914886626
35.6006955494
35.1308847715
35.9563221221
34.7041596605
34.4914682401
34.6892755605
35.4223738136
35.7181215238
35.2284567918
36.0418397906
34.7224763307
34.3608674705
34.8170756514
35.3823289425
35.5294817388
35.0778102002
36.0926536752
34.7986467725
34.4135159348
34.772090548
35.3194420494
35.5090888464
35.1591200767
35.9019531681
34.7179448736
34.457822975
34.822131777
35.412548844
35.655759757
35.0708367646
35.7884319598
34.7030143738
34.482629657
34.7467934794
35.415214544
35.4771254787
35.0673378041
35.9336976904
34.7302043622
34.2087001502
34.8098323477
35.394481393
35.4825504486
35.1480357772
35.9697783867
34.6778647864
34.3661560824
34.8462020156
35.2989602908
35.4783108417
35.0897300988
35.9476935975
34.747772005
34.314155761
34.8375127944
35.5386309592
35.6131200683
35.0898871182
35.8030973036
34.6999265999
34.3155215505
34.656730764
35.302139529
35.4401629238
35.0597626803
35.8298815948
34.8034341268
34.4592485896
34.7321884182
35.2949595951
35.450596937
34.980284814
35.9735289791
34.7202729415
34.3943179263
34.7732712844
35.2939115202
35.4554991676
35.028379707
36.0099185368
34.7842852762
34.4535417897
34.8432206144
35.227348162
35.5173794631
34.9898194155
35.7507488396
34.643577401
34.3013260637
34.7733526865
35.4098412794
35.4828429677
35.032997928
35.9040020515
34.7409820111
34.4948323252
34.8026210297
35.4343208618
35.5573849875
34.9361368127
35.8389441761
34.6459035337
34.3818714981
34.6904225609
35.3995265489
35.4932891123
34.9747430081
35.7900863464
34.6615377128
34.4441793238
34.9342827359
35.4354956337
35.6952063824
35.0077316755
35.9630038914
34.8190784714
34.335813198
34.7206101278
35.3875849369
35.5779759508
35.0890338254
36.0340805119
34.7377729873
34.4416626221
34.8236880127
35.3732164404
35.5425668734
35.0309497385
35.8568560374
34.7230515118
34.4797960613
34.7812663929
35.3818386453
35.3806495234
34.93967737
35.9936647605
34.7819942286
34.5322729144
34.6954840763
35.3221659651
35.4780476674
34.9599059949
35.8938171889
34.6772513909
34.2310683527
34.7843838291
35.2908982714
35.5260803717
35.0284001325
36.0421319714
34.7465958288
34.4000891416
34.9737405311
35.4013788644
35.4924810301
34.9831539049
36.0378950536
34.7712859844
34.359155294
34.8326288299
35.2290435391
35.6406284687
34.957967617
35.8878845582
34.6360435816
34.3199424627
34.7896852717
35.410831801
35.60262059
34.9220330131
35.7845221726
34.6098489985
34.3035522913
34.7536488258
35.4758411228
35.4831114702
34.9835601859
35.8609396103
34.6944812668
34.528546506
34.8937728346
35.4899103312
35.5893805607
35.0784105449
35.8893529712
34.6805339532
34.3822882402
34.8939530533
35.3058418306
35.477128822
34.9917346286
35.9644299406
34.687434875
34.2819491186
34.9549973224
35.3153335603
35.6405333277
35.0232974639
35.9824977629
34.7165187061
34.3340143028
34.8753464929
35.279540462
35.4777531374
35.043367672
35.9064937096
34.7839728518
34.3447436973
34.9074202697
35.4568912152
35.6818781961
35.012362947
35.9072226144
34.6870410054
34.6228352019
35.001324531
35.3851451165
35.4631328343
35.1061819904
36.027862694
34.6449201506
34.330485522
34.8387888448
35.3677633554
35.2623032271
35.0677950471
35.9600926482
34.8152412143
34.4109073284
35.0027748077
35.2936643709
35.4603195454
35.0033954506
36.1444524557
34.7670562311
34.4225308613
34.9806549173
35.2660073379
35.5567605685
34.9903171522
35.9933450614
34.7945208648
34.4088749896
34.9098288896
35.2994942498
35.507292797
35.0563697489
35.9859260823
34.7827339568
34.4238941424
35.0380041773
35.3480988371
35.4515068152
35.1292630469
35.9066188875
34.7399910334
34.4254636107
34.9211524951
35.2609561653
35.3232868112
35.038203045
35.9472298304
34.7651524852
34.3708548609
34.8653507573
35.3274428302
35.6748063631
35.0084552101
35.9892978481
34.7199573944
34.4475948677
34.9560812896
35.3437728591
35.6711466416
35.0113738425
35.9122437999
34.7375119327
34.3703864799
34.9140333559
35.2507308756
35.4807509061
34.9079689957
36.0332736398
34.8448050805
34.3953133241
34.886610385
35.4455525164
35.5738089012
35.0263581446
35.9798709478
34.8167521922
34.4311294884
34.9064228009
35.2808402397
35.5533407841
35.0473396868
35.827494152
34.8679443248
34.3775836524
34.9174339287
35.4329742578
35.7945987214
35.0196097984
35.9650425582
34.7850581897
34.3793164254
34.9512345865
35.4021553846
35.6590070457
34.9768433606
35.9492144493
34.8257844706
34.3667924791
34.8275270186
35.3646232121
35.5908044875
35.0412022281
35.9744862432
34.7461574823
34.418258326
34.8868438475
35.3807329517
35.4243262796
34.9804669292
35.7532855336
34.7093306175
34.3830999825
35.0043585654
35.5999124759
35.5134259837
34.9700737708
35.825686134
34.6908621899
34.3389313882
34.9762272766
35.2522830509
35.572060511
34.9934826319
35.7900697085
34.753979115
34.3470762322
34.8540422802
35.2739831006
35.5511200198
35.0629600652
35.982571339
34.6362698298
34.3516514772
34.8356475819
35.4222496751
35.7330752629
35.0589160749
35.7433271872
34.647605058
34.3418903062
34.9786365592
35.5670476401
35.5675629517
35.0014828155
35.7838651556
34.7056465433
34.3838010051
34.8071362952
35.4268407198
35.6988255054
35.0589548224
35.7726047516
34.7840006227
34.3945154914
34.7697691515
35.2769596667
35.8072004364
34.9657440374
35.6692189185
34.7115208893
34.4325891132
34.8199691414
35.3394465179
35.6352893268
35.0692302615
35.7754412157
34.7483457176
34.2184744632
34.8027805599
35.4200586474
35.4631568108
35.0815045981
35.7537166643
34.712462212
34.4149329072
34.9594832697
35.528594129
35.6179446768
35.0136924618
36.0221981784
34.651037177
34.3397645326
35.0336931045
35.515623307
35.6913857189
35.0735390553
35.7337123831
34.6739728304
34.2228372919
34.8728429594
35.3858272816
35.5228098884
35.0624237633
35.9223825376
34.64600287
34.3741742909
34.8073975464
35.6617516407
35.747544791
35.0661228832
35.8984854007
34.6910795262
34.3841041885
34.8643780961
35.2978048812
35.7047773512
35.0589542001
35.9186934567
34.609653568
34.3700162737
34.8736264349
35.2745717975
35.4302336794
35.0889464655
35.7896079735
34.7604042828
34.382090573
34.8819098267
35.3392092703
35.4980550841
35.0158371141
36.0011246188
34.6909004545
34.3589249718
34.9735470546
35.3898242016
35.793399239
35.1373292676
35.9576267569
34.5717772484
34.3659441383
34.9853360047
35.3146256281
35.7911368994
35.0785426412
35.8817778577
34.5743453007
34.3332643283
34.8979790098
35.375820803
35.6788223257
35.1011950713
36.1594361593
34.6658810752
34.4366307043
34.9285907291
35.4241929685
35.485430267
35.1646212189
35.909841403
34.7736081286
34.2938752598
34.9329252791
35.3192550253
35.4000307044
35.1652884516
35.9638917311
34.6286946393
34.3028754569
34.7850450065
35.2267139621
35.5124306715
35.067418041
35.8413332035
34.6366702734
34.2683039371
34.8683715927
35.4190214041
35.6120446976
35.1526154631
35.8492604012
34.6544760982
34.4077794238
34.8965422686
35.5372359315
35.5450754737
35.2443866433
35.8959790513
34.640402814
34.2929685992
34.7606738926
35.4189402715
35.9083064806
35.0328085931
35.8768709958
34.6124198826
34.3369202974
34.7424199344
35.3788131426
35.5841372349
35.0555571936
35.7031516715
34.6170258429
34.3849639342
34.8230594836
35.3793065926
35.6778674055
35.0761316659
35.6948277613
34.626070118
34.522360692
34.7935515937
35.3754881841
35.4220236239
35.1223169715
35.880362056
34.6656987514
34.2429161758
34.8387242877
35.0945309709
35.5468658855
35.1158120779
35.9049055701
34.788732239
34.4960219959
34.7548796796
35.3133044469
35.7243307737
35.0210041506
35.7179220212
34.7086569244
34.3340081882
34.8415654021
35.1541927483
35.2918632999
35.0178343457
35.8559035672
34.6726319322
34.3955124062
34.8841914356
35.1693391754
35.292016309
35.0971176193
35.7941379739
34.730271338
34.3612491951
34.7818569923
35.1937256492
35.4407473843
34.9654693238
35.7902464923
34.8374560113
34.2702794388
34.8995872291
35.2689013011
35.4398146144
35.0195506208
35.6959508774
34.6924794613
34.3369203318
34.7153698188
35.2457956721
35.5518454624
35.0254777622
36.0189395951
34.6507227851
34.285435799
34.850022154
35.3249556583
35.5725484518
35.0183318982
36.0174436974
34.7594863172
34.3509073674
34.8517857158
35.2684487542
35.6365676264
35.0123466735
35.7034359258
34.6275001237
34.3845140675
34.6567518605
35.4062130212
35.6034209904
35.040578841
35.8436096553
34.7371154455
34.3840820588
34.7135989043
35.3053288729
35.5553167785
34.9894657225
35.8177340992
34.6219133666
34.3512762931
34.8898046033
35.1947951175
35.648243287
34.9194684274
36.1233127855
34.5774979257
34.2891524885
34.885615376
35.298621619
35.6993198418
34.9820136618
35.7472198458
34.6656717882
34.4532312372
34.8328830094
35.4342889765
35.5614289147
35.0304433513
35.8703836272
34.6868802737
34.2873295527
34.8649711607
35.3401639268
35.3679417209
35.0560627934
35.8064144307
34.6479542087
34.3908263034
34.8498512931
35.4028201741
35.3285058734
34.9673166727
35.8409048623
34.6454833134
34.3425123475
34.9812864634
35.2551071273
35.7076135324
35.1228840234
35.8255197442
34.650644818
34.3461695467
