37.8348337168
37.6000714924
37.4698288007
37.3871613902
37.3074304819
37.2178990194
37.1281097019
36.9907609096
36.8750337284
36.7976186981
36.7276142399
36.6549881623
36.6216078439
36.5348185159
36.4712908733
36.3218072093
36.2557418756
36.233173237
36.1014160895
36.1973720886
36.0927261153
35.9456084189
35.9099155856
35.8661591963
35.7981604333
35.7064096504
35.7513032418
35.6882013241
35.6969036245
35.5889677433
35.587914803
35.60266288
35.6905930096
35.4982255185
35.5357055823
35.532078151
35.4601747928
35.6188208437
35.4351677339
35.5093843408
35.4489781128
35.5206313351
35.3175802882
35.3323821824
35.4152303052
35.4009437674
35.308397833
35.1922470783
35.3898651578
35.3357051455
35.2983240086
35.4508488515
35.4919654538
35.4227900468
35.3486599312
35.2948096255
35.2016168078
35.2402970802
35.3827848633
35.273304875
35.3571262611
35.2188024016
35.0289055032
35.1658152888
35.20334956
35.1447392228
35.1600175847
35.0562715257
35.1341584229
35.2475414479
35.2876407313
35.2174270189
35.2497675862
35.1646276251
35.2435796341
35.1800628914
35.3435518058
35.1538073499
35.2985311856
34.9597173296
35.1019238427
35.1238799413
35.2424316132
35.0516856653
35.2512070144
35.1523042661
35.3841906026
35.3399517805
35.1120948063
35.1683895727
34.9919454675
35.0202859486
34.8959384728
34.9145497851
34.9355393134
35.3606705867
35.0956887599
35.31616013
35.1378159165
35.200231174
35.1829599927
35.1910049467
35.2575347001
35.2710478779
35.0695258937
35.0240225628
35.126188332
35.0146307233
35.1896253568
35.2349496029
34.9205764042
35.1264129653
35.1592377414
35.0827523358
35.1319834896
35.0060080493
34.8878244993
35.1944283915
34.9736734996
35.0043717046
35.1775832065
35.0019620856
35.1966945872
35.1655608925
35.1536267888
35.3351957936
34.9017818584
35.048461626
35.1486122347
34.8636760355
35.0614444973
34.9835019769
35.1442964341
35.0147635055
34.9096415515
35.0105952665
35.1137844536
35.083295654
35.0987446981
35.1658350993
35.0495153997
35.1578344329
35.0990717883
35.177137133
35.0711973666
34.8964320008
34.9319878518
35.0350534935
35.1206468178
35.1549452692
34.9468817229
35.0561984015
35.0723113598
34.9635523763
34.9937802722
35.0262116662
35.1356042285
35.0022796324
35.0401104372
35.0895771254
34.8767826257
34.9471229703
35.0711248341
34.9766843826
35.0365128736
35.1513900414
34.9737894255
34.8786915508
34.9318922207
34.8933091175
34.801401325
34.9392929153
34.9595047526
34.953226072
35.181332724
34.9323078768
35.0147021137
34.9658058696
35.0732237488
34.9970019153
34.9253521754
35.0879169795
35.0212594337
34.9728854705
34.8250899553
34.8293587385
34.8718130361
35.0445870738
35.1385580596
34.9398148727
35.0262007636
34.8578974049
34.7455400871
34.8934620114
35.1243297768
34.9300447738
35.0211783639
35.2262370222
34.9900916398
34.9783699378
35.0137551128
35.0042037595
34.791310132
34.7795887937
34.8188975329
34.8182370109
35.0291463444
34.9479197699
34.8625490672
34.9125553846
35.0551870613
35.1666892506
35.0692283266
34.9232256981
34.9524057568
34.8492792329
34.8950539342
34.8907716991
34.9660791329
35.1616991483
35.0606298626
35.0400893758
34.8240382496
34.877303336
34.9737758377
34.9889468983
34.9279740854
34.9346011246
34.8684391557
34.9508131493
34.8482478936
34.8434863242
34.8563540752
34.9164429623
34.8386995783
34.8370244148
34.9766036018
34.9653825752
34.6981539034
34.6772825183
34.8802745684
34.848993241
34.8855593219
34.7561161303
34.8465111232
34.9729946324
35.1197012556
34.7506607324
34.8427490856
34.8273412935
34.8231760478
34.8764206571
34.8219409581
34.9420026709
34.8497697201
35.0080455228
35.0296834944
34.7691473338
34.8825285833
34.7660652176
34.7333423341
34.9963406951
34.8133784321
34.7410274165
34.7986539894
34.9881794071
34.8986534272
34.9272861547
34.7683108984
34.8099694493
35.0088140995
34.9652866189
34.9721423802
34.7791197036
35.040727941
34.8111848202
34.7507373315
34.791152376
34.7867013881
34.9385045561
34.7780947197
34.8855025031
34.826629829
34.8018139357
34.7934697399
34.7273315046
34.6665846223
34.8361224435
34.7017715477
34.8388407682
34.8849926298
35.0208649822
34.8013309296
34.8334816796
34.6503434729
34.7126578728
34.7811049031
34.8910474722
34.9314214709
34.8590462321
34.7737644858
34.7456683701
34.9146579459
34.7938970418
34.6528919453
34.6373800519
34.6635923565
34.8345831314
34.8597874499
34.9706389611
34.7025337098
34.7494628505
34.6798049556
34.703063739
34.8254990401
35.0601900879
34.6816484673
34.7743024441
34.8740800763
34.7860695902
34.7983413083
34.8297914815
34.9036005516
34.9033118715
34.8022427574
34.666068538
34.7464529129
34.7119126414
34.6718255242
34.7828679982
34.826936965
34.7461279812
34.7015909283
34.7488271956
34.7511222403
34.8623037696
34.7282416248
34.6848529967
34.7081263967
34.9083711594
34.9092875391
34.9407830548
34.7896860749
34.7641966797
34.8020661153
34.788832953
34.6355412659
34.5567694995
34.7414411988
34.6641327253
34.9252117072
34.8295637575
34.7897613489
34.820759313
34.7361436328
34.6758367547
34.6962496746
34.7566638414
34.9413258349
34.6970589178
34.7553387744
34.8876140603
34.6755267185
34.8115854652
34.7130072947
34.7612226526
34.6510500617
34.6488416383
34.8686742772
34.9394565074
34.8422883823
34.6806822729
34.615652666
34.7934393726
34.6016194347
34.6878610239
34.7283891866
34.6910262255
34.8355655111
34.885795048
34.6801731266
34.8171047411
34.7652562438
34.5461181967
34.6180686739
34.8515386607
34.778226378
34.6903354644
34.690520665
34.8621041953
34.6029650726
34.6291624466
34.8950856927
34.6975733282
34.5019343736
34.7591675167
34.6534616885
34.6664095853
34.8062661402
34.7866890102
34.8385982019
34.7215763419
34.9733562453
34.7088511093
34.7469956734
34.7144448104
34.6940820056
34.6563033458
34.6496792313
34.6651282578
34.5769912538
34.6495124787
34.7482277502
34.7014040594
34.8130717421
34.6385955397
34.5768255597
34.8518500554
34.801540502
34.8968232771
34.7247323566
34.9935424417
34.9683074016
34.7520236478
34.5006176586
34.7085787362
34.8229837847
34.6417406588
34.7368931138
34.7238523917
34.7653875916
34.7518837745
34.8467444428
34.6430825422
34.6145095704
34.7537617366
34.7374818076
34.6822250967
34.7899591582
34.64828753
34.7356267976
34.6969869863
34.6540081759
34.8185314312
34.710100308
34.8003022423
34.5475100273
34.6998720695
34.7335907895
34.7260743519
34.8069441601
34.8869863611
34.6814439491
34.6806151418
34.4959609289
34.6546689668
34.766350847
34.7750656353
34.6577930984
34.8012086781
34.6440555167
34.6724675081
34.6765863089
34.5243567968
34.6348644414
34.6906713389
34.6746305103
34.6694987898
34.8125687538
34.7267825574
34.7611109176
34.8226882697
34.693253684
34.5285430976
34.5721182886
34.703355035
34.8245324186
34.897236612
34.8638444878
34.7446150344
34.5963520354
34.8420870847
34.6711226913
34.6351273913
34.7545053481
34.7533655981
34.5963276859
34.6646960272
34.9160321058
34.8187191955
34.5688588666
34.6466241805
34.6979010991
34.6436016506
34.5683061048
34.7140080306
34.7278837633
34.7576220394
34.7545308891
34.6445866067
34.6179573762
34.4557258444
34.6313843564
34.833861757
34.7589238001
34.8062516198
34.9207116295
34.8936881069
34.889732287
34.7847215062
34.5701480267
34.4991056403
34.7402769716
34.8744122864
34.8590569088
34.6455155447
34.5850260799
34.5750272081
34.5772578744
34.7114504023
34.6560683801
34.6340191979
34.5546415219
34.6872353065
34.7156943295
34.6033564848
34.6499600052
34.7609120915
34.5523055204
34.558465189
34.6855781411
34.647246136
34.7323208242
34.6551846825
34.5188944474
34.6226227494
34.7761535259
34.7584556388
34.6398463565
34.687344596
34.6866127687
34.6609472748
34.6969167588
34.5879330183
34.5827841725
34.6706524481
34.7211983157
34.6236380769
34.6721542335
34.6984208026
34.6547565594
34.8034624495
34.6183401238
34.7329923393
34.6803648943
34.6719425753
34.6773670501
34.6918615433
34.790478579
34.5767548317
34.7606803895
34.8351536296
34.7687211251
34.6183481844
34.5922061568
34.6318751127
34.631299658
34.6948328689
34.6074280169
34.6473431086
34.6184117631
34.7594896369
34.8099362394
34.6000049128
34.6125189998
34.6856582201
34.7328391179
34.5866167184
34.7481659515
34.6163818105
34.6803245336
34.6078354556
34.5555887105
34.6090277451
34.5636649065
34.6601946341
34.6798954221
34.7785888691
34.8095072515
34.7075901302
34.7937466385
34.8922946969
34.6594105024
34.7214132289
34.6625344015
34.5705797751
34.5895565667
34.6831024725
34.6343803514
34.7506939021
34.5956093451
34.7639060066
34.7189340322
34.548527304
34.6826000196
34.5917797074
34.7233517487
34.6893903778
34.8596378024
34.6816531367
34.7233409199
34.7541899562
34.682326604
34.6912086887
34.5971441684
34.5885706667
34.5785900272
34.5235045965
34.586568803
34.4567510692
34.7532883303
34.7037456345
34.7188662082
34.7986287886
34.7631709859
34.7485473286
34.6751620357
34.5590568279
34.5721595986
34.5696590599
34.6935935954
34.7320911095
34.766994699
34.5020655394
34.6014738464
34.5574631214
34.6015648233
34.72195756
34.6619507694
34.705097064
34.7161800712
34.6783512359
34.6455328586
34.6454529987
34.6426715583
34.5874622555
34.6252407141
34.5649759068
34.5669216432
34.6406420772
34.774090008
34.6929241396
34.8002907279
34.8123162156
34.7357661438
34.7495768145
34.724720116
34.6076167232
34.4497166799
34.3760960576
34.3618379808
34.5217346241
34.7563843453
34.7596610892
34.694355051
34.6458202409
34.6439722686
34.6081505342
34.663592596
34.649140746
34.6673645515
34.6973383468
34.6542478502
34.681718748
34.5622515299
34.594068774
34.6947787348
34.7345205146
34.7658562131
34.5582278828
34.5726405836
34.5680259904
34.5381091058
34.610014444
34.5939665459
34.6222196058
34.6885179268
34.654010221
34.6008182413
34.6226151958
34.8044647993
34.6464606556
34.6396421533
34.6564453615
34.7665014901
34.63366859
34.5721564322
34.5902000875
34.7188880489
34.6676750008
34.7186499381
34.8009610275
34.6958413841
34.5403769516
34.6463160249
34.7002415788
34.6078863488
34.654829662
34.5464588681
34.6649659924
34.7065465805
34.5823914658
34.5460476696
34.597282631
