5.21210988989
5.16175291606
5.11219094631
5.07809806474
5.06299980032
5.05631712941
5.05479260148
5.04892012772
5.05052434003
5.04855069391
5.04757796783
5.04583398936
5.04589266231
5.04653041323
5.04499962716
5.04526998591
5.04515441087
5.04388553971
5.0432522328
5.0431960752
5.04379549239
5.04212152071
5.04135591826
5.04169513076
5.04252667883
5.04106990394
5.04313072471
5.04268376169
5.04271081683
5.04232359623
5.04001315376
5.04043103617
5.04135243497
5.04174676251
5.03873419579
5.04032542111
5.03938779622
5.03970055284
5.03952788941
5.0386617409
5.03924922747
5.03922385751
5.03910612557
5.03781898509
5.03842044651
5.03740062312
5.03754680208
5.0389776171
5.03830033259
5.03612953984
5.03650341479
5.03555805234
5.03888913016
5.03643434472
5.03800920047
5.03666023232
5.03708597119
5.03578023247
5.03748120092
5.0364002209
5.03548553847
5.0352798911
5.03512066262
5.03615042756
5.03452340042
5.03579073378
5.03626477099
5.03639363274
5.03620931334
5.03638470621
5.03507236009
5.03636744063
5.03566722245
5.03327819629
5.03528849751
5.03475898541
5.0348599874
5.03472381996
5.03515695318
5.03504989543
5.03479971803
5.03292507241
5.03495981191
5.03520903643
5.03415587584
5.03347685855
5.03493990478
5.03461374297
5.03462873659
5.03529858004
5.03561894763
5.03759802914
5.0366095341
5.0347109007
5.03555514157
5.03437121146
5.03621976708
5.03544704261
5.03583793885
5.03533333574
5.03387062316
5.0357679703
5.03419682371
5.03398713704
5.035543361
5.0356692939
5.03563985872
5.0333910764
5.03343433159
5.03371555147
5.03507201421
5.0339823021
5.03406298446
5.03456940947
5.03386694758
5.03406394733
5.03330138216
5.03292046277
5.0339816721
5.03308919013
5.03392385445
5.03371289712
5.03249266422
5.03470083468
5.03356875744
5.03277084277
5.03253747318
5.03338017735
5.03461784977
5.03317578032
5.03406018044
5.03419274308
5.03278606197
5.03456684418
5.03250724648
5.03328851031
5.03175263974
5.03436900561
5.03316493864
5.03345811115
5.0336776729
5.03249079266
5.0331869848
5.03236822297
5.03245897043
5.03433312465
5.03438784065
5.03246629462
5.03287610754
5.0331339078
5.0328682494
5.03356167576
5.03189889285
5.03388474695
5.03126725033
5.03279747392
5.03170479045
5.03278907396
5.03356674086
5.03225705213
5.03352311255
5.03426974447
5.03289067118
5.0320281831
5.03349334294
5.03165576113
5.03398002957
5.03341119204
5.03347172303
5.03493730336
5.03489515122
5.03371240586
5.03222259863
5.03321863502
5.03437619502
5.03497240618
5.03130817202
5.03349381918
5.03209248282
5.033547592
5.03265653846
5.03418964654
5.03320092393
5.03399376448
5.0328816891
