5.23709853857
5.20810477168
5.1976018825
5.1900368307
5.18277957608
5.17930729655
5.17146949334
5.165327835
5.16029121407
5.15370428102
5.14858495399
5.14320604089
5.13973739007
5.13754417177
5.13212004797
5.1284488264
5.12051738736
5.11547952624
5.11162446535
5.10765382249
5.10423306146
5.09832489701
5.09436587104
5.091712827
5.0885159924
5.08489401026
5.08183442074
5.07926127078
5.07657987716
5.07373505676
5.07284223566
5.07313630825
5.07270591927
5.07063612488
5.06682859167
5.06675708186
5.06900924206
5.06737664937
5.06752088512
5.06537768731
5.06187033019
5.06190855014
5.06229962909
5.06600283156
5.06174206175
5.06438339453
5.06189404107
5.06015698723
5.06019940816
5.05759606609
5.05968640705
5.06222587928
5.06190371248
5.05977962002
5.05690145884
5.05347310204
5.05782821333
5.05824739248
5.05672628329
5.05799257372
5.06164110745
5.05815406002
5.05495239917
5.05755291967
5.05632974684
5.0560999864
5.05600009329
5.05597268199
5.05396892796
5.05582849662
5.05654975572
5.05679818081
5.05772147769
5.05670953703
5.05343673177
5.05541981163
5.05382460419
5.05387517828
5.05649032952
5.05587199946
5.05654141746
5.0517561659
5.05153281428
5.05355508571
5.05150881543
5.05433742215
5.05723215299
5.05650463702
5.05378675332
5.05288718759
5.05126043471
5.05044926059
5.04728874928
5.04815222043
5.04761676921
5.04757874257
5.05036178563
5.04892037349
5.04929186501
5.04712828283
5.0427971368
5.04275977433
5.04534931378
5.04380740228
5.04862263014
5.05051415317
5.05095948368
5.05236186241
5.05002691824
5.04807793537
5.04463186996
5.04467506335
5.04518922078
5.04557579908
5.04539648403
5.04540191756
5.04550336591
5.04441769335
5.04758394232
5.0460481272
5.04472621999
5.04497109481
5.04704402615
5.04552901108
5.0469644372
5.04523461368
5.04460382653
5.04634381655
5.04596717267
5.04608197733
5.04635836139
5.04594229647
5.04540600019
5.04443352634
5.04742287353
5.04625713059
5.04525937942
5.04603928741
5.04614475054
5.04377015355
5.0428156288
5.04313021627
5.04595821895
5.04671664603
5.04498923814
5.04714349345
5.04450381592
5.04451408671
5.04441793614
5.04294956176
5.04330702764
5.04409322934
5.04428350302
5.04653825631
5.04303221313
5.04360858843
5.04413940046
5.04453836011
5.04533049188
5.04480149439
5.04658847569
5.04467404791
5.04486887509
5.04466635571
5.04658349479
5.04603700424
5.04577677531
5.04269814684
5.04435304379
5.04367842147
5.04643279322
5.04450658214
5.04412330623
5.04487088642
5.04200350542
5.04331096327
5.04307584375
5.0432792637
5.04195184801
5.04232151667
5.04102651918
5.0418194096
5.04702640292
5.04353098819
5.04328673594
5.04385513481
5.04562373258
5.04560780683
5.04498783521
5.04353442797
5.04488063413
5.04688127397
5.0452889471
5.04609977842
5.0469877664
5.04460756264
5.04146826851
5.04395428143
5.04295228147
5.04445798219
5.04544952202
5.0450842555
5.04329850414
5.04270038437
5.04364785459
5.04337242601
5.04388063605
5.04550083766
5.04328283117
5.0428055982
5.04333598865
5.04283313932
5.04216480001
5.04308284217
5.04221858334
5.04400505949
5.04554036441
5.04687116437
5.04608273944
5.04447717261
5.04589095329
5.04698861762
5.04666627667
5.04360273516
5.04262205441
5.04614472703
5.04393650989
5.04413729446
5.04269782138
5.04272278575
5.04553546513
5.04494132039
5.04402852338
5.04634698508
5.04375681571
5.04461438919
5.04508320594
5.04281575217
5.04356129457
5.04506296389
5.04274088139
5.0434526352
5.04474284936
5.04554868846
5.04299364929
5.04377107715
5.04334714838
5.04682131869
5.04279830623
5.04339273861
5.04360979587
5.04458130661
5.04284413684
5.04562160082
5.04651623483
5.0445125107
5.04474790774
5.0419723477
5.04504942609
5.04411748023
5.04098899281
5.04113356829
5.04198810431
5.04370889816
5.04491706243
5.04432035313
5.04624446432
5.04861182125
5.04687716117
5.04316653957
5.04664716366
5.04275572524
5.04510435046
5.04478096969
5.04271902904
5.04543573159
5.0447356377
5.04336238181
5.04533440766
5.04632325969
5.04228369643
5.04331930164
5.04443543574
5.04498425648
5.04579600774
5.04521618641
5.04405325444
5.04338523326
5.04642710085
5.04664350751
5.04371966859
5.04512734637
5.04759749564
5.04354047587
5.04230193436
5.04347571034
5.04433419291
5.04337372724
5.0426040558
5.04176832289
5.04481819317
5.04631759818
5.04676739693
5.04580374257
5.04688609838
5.04685693449
5.04431360027
5.04721875294
5.04590321011
5.04492111473
5.0449758202
5.04376828025
5.04686345452
5.04985055094
5.04526737921
5.04393350378
5.04509909385
5.04648921935
5.04787947818
5.04653682159
5.04647934702
5.0463226367
5.0464352194
5.04831367431
5.04745360712
5.04956842261
5.04714566304
5.04439510454
5.04428205312
5.04783046515
5.04771769958
5.04810533738
5.04564440859
5.04611097981
5.04723979671
5.04838502739
5.04619042343
5.04965651772
5.04816057569
5.04797504144
5.04929561008
5.04842532617
5.04643592104
5.04891390433
5.04822647042
5.0521529698
5.04858894224
5.04995734362
5.05049505319
5.05084907183
5.04378969346
5.04628165373
5.04893578911
5.04982640569
5.04508878935
5.04628823928
5.04964205364
5.0469051131
5.04883911674
5.04715493546
5.04787849148
5.04804008342
5.054964482
5.05021857016
5.04961901846
5.05145814571
5.0482224043
5.04620125049
5.04727895032
5.04999289767
5.04775654072
5.05097861584
5.05173555432
5.05508669196
5.05046022375
5.04832805712
5.04676786398
5.04551292994
5.04646388803
5.04852087232
5.04739095188
5.05011085027
5.04803638084
5.04856293397
5.04856933795
5.0463199635
5.04514889124
5.04747323168
5.0502009628
5.05166573233
5.04840886855
5.04770827323
5.04864880818
5.04777654945
5.04697963578
5.04710578343
5.04746591006
5.04829358376
5.05073756373
5.04932605946
5.04728439191
5.04551199745
5.04891411783
5.05129989421
5.05004254428
5.04785293684
5.04682326933
5.04692212432
5.05079909096
5.04836807845
5.04680611956
5.0452179493
5.04611396539
5.04937277692
5.04889514315
5.04849911848
5.04514876279
5.04625268837
5.05031210711
5.04679758897
5.04860828132
5.04877805407
5.04911901485
5.0530441318
5.05044155679
5.04589509033
5.04497723147
5.04716719035
5.0477081366
5.04690269355
5.04762647596
5.04812744356
5.05103697962
5.05054090907
5.04666131958
5.04764564037
5.04814789582
5.0482717771
5.04827604492
5.04727178735
5.04794011903
5.04588618203
5.05163375827
5.04652980806
5.0472537702
5.0490796187
5.0474486676
5.04899630892
5.04463687659
5.04730980751
5.04494116211
5.04637574239
5.04560818368
5.0494080887
5.04680566066
5.046799081
5.04601839307
5.04536242935
5.04451679471
5.04235874879
5.04669520298
5.04684197373
5.04814904414
5.04632425763
5.04645409036
5.05018960916
5.04357569701
5.04592474124
5.04509750279
5.04820780005
5.04909696783
5.04964326389
5.04995272897
5.04683996048
5.04461260206
5.0476395065
5.04628762629
5.0460877282
5.04386325063
5.04755880344
5.04573910459
5.04525348359
5.04492057124
5.0474352099
5.04796037148
5.04601587886
5.04752807848
5.04652762383
5.04261611099
5.0443947081
5.04672171547
5.04603121155
5.04550876842
5.04506668193
5.04366784778
5.04198977533
5.0456273714
5.04858190159
5.04482833292
5.04737365523
5.04397990896
5.04540133482
5.04801921035
5.04382498955
5.04650138131
5.04665519723
5.05044643518
5.04543696943
5.04375382394
5.04330433847
5.04444349319
5.04792063228
5.04434496993
5.04367535032
5.04513795107
5.04937846528
5.04420523183
5.04430408112
5.04590672207
5.04683169656
5.04608802605
5.04591605155
5.04642736442
5.04523148223
5.04459141722
5.04292462917
5.04489476876
5.04583734789
5.04813087483
5.04658072214
5.04568337348
5.04353542205
5.04482416764
5.04268074518
5.04649562186
5.04426304418
5.04513954534
5.04380179445
5.0444644778
5.04715101977
5.04388642482
5.0479260019
5.04540322988
5.04332177759
5.04431527094
5.04583322378
5.0484810612
5.04322151315
5.04376931828
5.04945438002
5.04572424701
5.04294736345
5.04320524265
5.04785120562
5.05078411549
5.04813037036
5.04605667539
5.04661537009
5.04863384318
5.0433385615
5.04279493471
5.04137612834
5.044005268
5.04502966894
5.04334624034
5.04439740971
5.0441220255
5.0461182969
5.04706700783
5.04428988805
5.04576175227
5.04322969098
5.04446598086
5.04517813417
5.04555093413
5.04592571254
5.04354017825
5.04414221171
5.04030718126
5.04502300004
5.04598196886
5.04412524198
5.04651284463
5.04313476796
5.04492555967
5.04350513331
5.044199182
5.04685639697
5.04135621976
5.04357657281
5.04283005477
5.04404558143
5.04399526509
5.04336611906
5.04540607028
5.03982398002
5.04168871668
5.04061474408
5.04416112777
5.04608849478
5.04172394798
5.04538903134
5.0451627472
5.04198005435
5.04264092296
5.04345566546
5.04453318816
5.04117345457
5.04173085027
5.0441386868
5.04478081205
5.04922223742
5.04645295342
5.04706786398
5.0410690876
5.04044326527
5.04402056995
5.04298356327
5.04122590202
5.04338854793
5.04621256462
5.04344056194
5.04241916269
5.04463294435
5.04406072007
5.04467430791
5.04121475566
5.04529982528
5.04551027703
5.03932143879
5.0438625775
5.04367888338
5.04750706124
5.04603349261
5.04348794014
5.04077713172
5.04592331839
5.04405008272
5.04245998196
5.043219731
5.042800583
5.04576481902
5.04528926276
5.04291719962
5.04417235661
5.04237174702
5.04853678648
5.04572572197
5.04138386136
5.04355167129
5.04257558868
5.04257350667
5.04037262328
5.0425189134
5.04227421091
5.04353127943
5.04736043554
5.04383430898
5.04079284571
5.04257611065
5.04276662273
5.04745012972
5.04599883758
5.04695619249
5.04509147771
5.0425137132
5.04232457432
5.04062815941
5.04256297474
5.04226732259
5.04011314584
5.03975549695
5.04380317953
5.03953664453
5.04059915265
5.03957505003
5.0421007936
5.04228145983
5.04279609725
5.04541955291
5.04315462957
5.04397562242
5.0421974757
5.04374566286
5.04204648085
5.04516118694
5.04397258826
5.04493677998
5.04413574231
5.04110599359
5.04130364502
5.04014093655
5.04180803526
5.04480440951
5.0463218289
5.03987521762
5.03968814666
5.04330827454
5.04263742576
5.0432700751
5.0413275782
5.03890695064
5.04191548388
5.04334911681
5.04122427174
5.04125591
5.04436573165
5.0392126776
5.04340766958
5.04522148994
5.04091673277
5.04106403739
5.04275144548
5.04113458252
5.04181767673
5.04220559112
5.04218897095
5.04234653918
5.04236830325
5.04311576772
5.04206981304
5.04123530399
5.04110614249
5.03866689427
5.04132426362
5.04184287084
5.03998931169
5.03972195005
5.0451170423
5.0456576455
5.04059722464
5.04198667206
5.04212046012
5.04303515844
5.0447291013
5.04269367982
5.04124994725
5.04389984878
5.04338382006
5.04159154844
5.04373984241
5.04300895297
5.04214704699
5.04093911784
5.04313214858
5.04171518742
5.03965836204
5.04098713792
5.04501356925
5.03761117064
5.04053691704
5.04128171598
5.03973445868
5.04180116771
5.04248932831
5.04314572111
5.04081342273
5.0411475868
5.04440120477
5.04153787634
5.04064283839
5.03925579444
5.04014314513
5.04216320551
5.04409530593
5.04242857333
5.04098062864
5.04314563422
5.04342908035
5.04203877696
5.04152978393
5.04245085465
5.03863145591
5.03897979472
5.04151870288
5.0418600823
5.04241591691
5.04528742292
5.04515714048
5.0437026534
5.04078470573
5.04078288495
5.04104258808
5.041373773
5.04119924783
5.04374104633
5.04207825418
5.04141008739
5.03994633942
5.03903160681
5.04022203819
5.0410372554
5.04401733543
5.04169893182
5.0410093639
5.04073487118
5.04110875564
5.04309826763
5.04211262225
5.04504725825
5.04191470247
5.04151589411
5.04163673902
5.04015606226
5.04180598669
5.04129044963
5.04280056791
5.04616970683
5.04069566207
5.03926122404
5.04248423977
5.04145366156
5.04223036815
5.04055879305
5.04311740177
5.04401083265
5.04397456971
5.04146410475
5.04250004336
5.04025761735
5.04273962652
5.04711841373
5.03969648209
5.04040467504
5.0389655793
5.03823740575
5.04209552242
5.04090236463
5.03815268143
5.03922468397
5.04008742195
5.04374166861
5.04613518078
5.0412495136
5.04206586729
5.04264279373
5.04406561419
5.04380782543
5.04079456284
5.03835970362
5.03743961928
5.04013778219
5.04275697186
5.03983615807
5.03973196812
5.04286434111
5.04245545142
5.03944049436
5.03899066118
5.04116518033
5.04133836818
5.0409570839
5.03676607582
5.03838301369
5.04180111301
5.04027943911
5.04144230766
5.04487209621
5.04210989506
5.03874833596
5.03964489356
5.03934874722
5.04135997121
5.04313879698
5.04172494493
5.04142348062
5.04095823956
5.03970835405
5.03628136258
5.03889217388
5.03700850673
5.03816149272
5.03925056943
5.03915394173
5.04102779526
5.04236594882
5.04280762362
5.04466623448
5.04650684893
5.04511012842
5.04141983687
5.03808166831
5.03918000317
5.04067284378
5.04459699283
5.03936878212
5.04450687566
5.04100520048
5.04167178718
5.03918222423
5.04075520676
5.03685544852
5.0394974446
5.04100848358
5.0401883566
5.04300976781
5.04166308072
5.04408455931
5.0444972286
5.04491311412
5.04226467829
5.04053190708
5.03915938417
5.03799053423
5.04190457777
5.04326314727
5.04359129679
5.04084726422
5.0443911953
5.03745625886
5.03815142899
5.0398547193
5.03858123124
5.04059581786
5.03886444494
5.03806138893
5.04223576102
5.03854568184
5.04370336601
5.04014979708
5.04066832193
5.03958164581
5.04057407104
5.03957631202
5.04157170522
5.03780039217
5.03919677215
5.03943815711
5.03874820164
5.03949745202
5.03964764192
5.04312350333
5.04152185741
5.04335601588
5.04351491596
5.04013523451
5.03819129922
5.04078857591
5.04033593156
5.04438795451
5.04432350426
5.04180959805
5.03687042569
5.04037100713
5.04074704274
5.03878339108
5.04197140527
5.03901722912
5.0375355788
5.03808052943
5.04173269054
5.0411568868
5.04076820496
5.03861246833
5.03911865366
5.0427956516
5.04311528632
5.03397750216
5.03947960662
5.04037356511
5.04076976472
5.04324906354
5.04545391534
5.04700697642
5.04447586201
5.04120367873
5.03761577514
5.03857715055
5.0374093719
5.04063375938
5.03889409871
5.03888995956
5.03986109978
5.04008733785
5.04089781684
5.04025158845
5.04123585476
5.03762529861
5.04029298626
5.04016567928
5.03855608778
5.03855693222
5.03737804303
5.03838513711
5.04049559179
5.03797343133
5.03821980259
5.04068837767
5.04094851595
5.04097861967
5.03984060833
5.03682398058
5.03774708545
5.03812923433
5.04104178586
5.04138023807
5.0397974935
5.03824034335
5.03844494865
5.04058101531
5.0382418504
5.04079474317
5.04218212612
5.04273154357
5.03981137845
5.03920211308
5.03545190037
5.03673155429
5.04027799969
5.03860222985
5.04247947728
5.04377825514
5.03877604241
5.04072928399
5.04214155202
5.03462507521
5.03583117987
5.03902316555
5.04026384283
5.0403693772
5.0368242276
5.03865465628
5.03994046221
5.0401659105
5.03774976096
5.03832878275
5.03982006251
5.03654040862
5.04043128046
5.04008959317
5.04182188339
5.04014846972
5.03678585412
5.0360392388
5.03865349886
5.04198455587
5.04080834937
5.03676263786
5.03990143342
5.03697070916
5.03809278741
5.03969405357
5.03837217358
5.03991285471
5.04180856775
5.03984487887
5.03920629574
5.03857556053
5.04083325787
5.0375779627
5.0397985844
5.04059269929
5.04147896467
5.04049660336
5.03781568642
5.0375317675
5.03919565578
5.03715248404
5.04222057007
5.03981696601
5.03755892585
5.03849158163
5.04050682161
5.03901737497
5.03866854969
5.03900122631
5.03873791636
5.04099245053
5.03670267891
5.04362163498
5.03859253643
5.03693281403
5.03672217547
5.03485184616
5.03881548293
5.0394276981
5.04187597785
5.03751718705
5.03891212058
5.04205947548
5.04152492806
5.03743237778
5.03571340725
5.03696696321
5.03811732318
5.03628344901
5.03552375689
5.03828622392
5.0406512863
5.03643346586
5.03691806189
5.03680346298
5.03935971322
5.03938852995
5.03968245371
5.03641333283
5.03852184849
5.03924542358
5.04156110847
5.03804678145
5.03558127281
5.03676488236
5.03613231174
5.03808076771
5.03803411098
5.04003803535
5.03664815327
5.03527433369
5.03685257727
5.03734155771
5.04105796543
5.03762717253
5.03786175757
5.03906110099
5.03582198392
5.03753513348
5.03991198924
5.03732391619
5.03955054205
5.03979694073
5.04006675505
5.04017594381
5.04028325997
5.040023616
5.03723299363
5.03615155052
5.03645884246
5.03750030454
5.03708588034
5.03840647005
5.0362428555
5.03719291904
5.03455469818
5.03815571448
5.03983036402
5.03805207824
5.040102504
5.03836349589
5.03751644526
5.03990628498
5.03968680095
5.0371318804
5.03983971099
5.03877081343
