1077900.3750
1022302.5000
991518.6250
974785.9375
963128.5000
958215.1875
951973.2500
949891.8125
947324.2500
944063.6875
943158.7500
943074.0625
942424.5625
942164.3750
941756.5625
942092.6250
940515.7500
940540.6875
941371.4375
940556.1250
941832.2500
939252.3750
940713.1875
940977.8125
941128.5000
940250.7500
942542.5625
941327.3750
943386.5625
941162.7500
939772.6250
940823.3750
941681.1250
939194.5000
940736.5625
939814.6875
941439.0625
940563.0625
941167.3125
941651.5625
940689.6250
940929.7500
939577.1875
940372.4375
940063.8125
939248.6250
942572.7500
941626.8750
939929.3750
938669.0625
940825.2500
938596.3750
940050.4375
939987.0000
940097.6250
940590.8125
939670.4375
942466.7500
941470.3750
941071.8125
939528.8125
941102.0625
940246.3750
939979.0625
940298.1250
941858.1875
941659.6875
940653.3750
939325.6250
939191.1250
941391.5625
941094.1875
938241.2500
941018.6875
940237.6875
939792.3750
940898.6875
940164.1875
940921.3750
940121.3750
939272.6250
938876.4375
940537.8750
940646.0000
939366.6875
939828.4375
939719.8125
939584.8750
940864.4375
939451.3750
941393.0625
939997.5000
939008.5000
938964.9375
939909.6875
942285.8125
939413.4375
940424.9375
939995.6250
940232.6875
942714.0625
940870.8750
940603.2500
942458.8125
943415.8125
939840.1250
940039.0625
940304.6875
940018.6875
940353.1875
940574.6250
940705.0625
940275.1875
940829.2500
940951.1250
939722.8750
938501.3750
941153.1875
937810.8750
939303.3125
939511.4375
938615.8125
939824.7500
939745.1875
939597.4375
940663.0625
941113.8125
941800.4375
941909.0625
939837.7500
939710.6875
939185.6250
940511.6875
939829.6875
939140.0625
937518.9375
940764.1875
940791.0625
941110.3750
939659.5000
939536.3125
939155.4375
939801.1875
940173.3750
941695.0625
940943.4375
939304.8125
941109.0000
940359.5000
940689.3125
939403.8125
938167.1250
940290.6250
940198.8750
940507.0625
941233.3750
941777.5000
942057.7500
940346.8125
940221.3125
941023.8125
940592.7500
940341.6250
940594.0625
940296.0000
941179.5000
940712.2500
941399.1250
942649.3750
942010.4375
939933.5625
938920.3750
940337.8750
940843.1250
940541.4375
939434.1250
940323.5000
940890.7500
941592.3125
941963.3750
943107.5625
941427.5625
944335.5000
941331.7500
942396.1875
