42.2271166055
42.0527161242
41.9105402613
41.7757614373
41.6618980628
41.5691263697
41.4482955767
41.3417579906
41.249405209
41.121746752
40.9914406381
40.8582980988
40.750370285
40.6771952739
40.6019296697
40.5288209446
40.3510338591
40.2008641207
40.0534355736
39.9652593356
39.8562415827
39.7053544275
39.5683725907
39.5157878949
39.4033417457
39.318962961
39.1818990283
39.1040797945
39.0200188299
38.9297187156
38.9026323564
38.9132667274
38.922427561
38.832435437
38.6735941507
38.6740087103
38.7829627439
38.7269852235
38.7226672425
38.6296820814
38.4820763013
38.4782306041
38.4902251134
38.6366916361
38.4664044079
38.5689415017
38.4706939161
38.4033104211
38.3848468204
38.3167757409
38.3659655737
38.4518723524
38.4371213606
38.3525769578
38.2672789242
38.1943615446
38.2663435811
38.2797207307
38.2255193374
38.2800241929
38.3810311752
38.2567984211
38.2100486769
38.2304245442
38.1805910853
38.2169739279
38.1564817112
38.2316320089
38.136721808
38.1986043551
38.2309099107
38.2318078544
38.2622227653
38.2208698293
38.1938988692
38.2182571171
38.1528266458
38.1542923409
38.2310119394
38.2050418446
38.2236308606
38.1540579456
38.1146061269
38.189149021
38.1068080415
38.2042230795
38.3032820283
38.2756343378
38.1667268661
38.1126112045
38.0925849122
38.051166404
38.0590986437
38.0921981378
38.0668235746
38.0565033802
38.1632263817
38.1080885496
38.1134574674
38.1360245755
37.954380418
37.9404689653
38.0485304031
37.9865743538
38.1781407768
38.2518407953
38.2626659839
38.3208123335
38.2264262581
38.1437279304
38.0078500367
38.0015048635
38.0619053945
38.078047321
38.0679482478
38.060859703
38.0653633732
38.0495124217
38.181005988
38.0929126182
38.0400086632
38.0576894009
38.1331802001
38.069679842
38.122183459
38.058396367
38.0305513006
38.1056460421
38.0823424339
38.08192902
38.0998514068
38.0810313424
38.0704224982
38.0114803637
38.1408716462
38.0856056474
38.0593444942
38.0857342993
38.0826992772
37.989565324
37.9434290834
37.9537924814
38.0809286206
38.1165475607
38.0477928087
38.1358164069
38.0171039349
38.0102402552
38.0155229969
37.9577333602
37.9684744775
37.9863368416
37.9985676902
38.0853453494
37.9618092985
37.9705910975
37.983324292
38.0192826046
38.0276985402
38.0137216955
38.0861852309
38.0151280846
38.0160942965
37.9968564864
38.0684444978
38.0472128046
38.046253118
37.946490182
38.0224480229
37.9992673735
38.1165787248
38.018411352
38.0021765103
38.0197423054
37.9056079695
37.9769280743
37.9668253391
37.9612928451
37.9201139705
37.9291118751
37.8739807901
37.9034885251
38.0994526828
37.980972877
37.9817408737
37.9907427176
38.0643713943
38.0481408758
38.0204708958
37.9588308795
38.0154582851
38.099007892
38.035312669
38.067680261
38.0883054531
37.9928226755
37.8683264432
37.9756088292
37.9265008823
37.992503143
38.0228424401
38.0065585748
37.9368545904
37.9135843796
37.9496512606
37.9381492289
37.9632589304
38.0080365215
37.9239815258
37.8964915327
37.9267200376
37.9015797796
37.8826558713
37.9065505348
37.8736922113
37.9457386335
38.0042492812
38.0413014815
38.0202332531
37.9473797334
37.9927747445
38.0341478058
38.0304970202
37.9185827698
37.8803257696
38.0146422337
37.9304131433
37.9258495503
37.8636106735
37.8792211172
38.0048669795
37.9767905613
37.9418183034
38.0102139505
37.9108930742
37.9390342969
37.9665213723
37.8716460761
37.9025586512
37.9506929566
37.8577057639
37.8811184898
37.929938827
37.9797931108
37.8909529929
37.922819154
37.8964629052
38.0311218062
37.880466021
37.8912603977
37.9039439605
37.9389148729
37.868753269
37.9750510354
38.0245582847
37.9384417531
37.9481168893
37.8331505714
37.9453053365
37.9102480429
37.7960126003
37.791228295
37.8196855088
37.8972112778
37.9472330864
37.9157523798
37.9801512661
38.0811076641
38.0233101963
37.8798387188
38.016829874
37.8534192083
37.9261182712
37.9063175019
37.8338396193
37.9403433165
37.9173685519
37.8673923519
37.9241793307
37.9587751686
37.8162935953
37.8587116873
37.8940256653
37.9171986205
37.9522839808
37.9273987458
37.8806112959
37.8504102422
37.9599013366
37.9728274736
37.8623275164
37.920852358
37.9926330506
37.8527300135
37.7859231179
37.8369290277
37.8609587905
37.8259190515
37.7881817797
37.7480913309
37.8518504222
37.9052640622
37.9235302303
37.886689696
37.9139927245
37.9087378873
37.8057717021
37.9039310624
37.8576710393
37.8227471787
37.8145700704
37.7770055888
37.8964051577
37.982707542
37.8396335
37.7896441913
37.8343168459
37.8833868646
37.9178567547
37.8698965438
37.8621207013
37.8483472571
37.8423817516
37.9077658532
37.8685948244
37.9290417962
37.8466045132
37.7501639317
37.7376581405
37.8569728188
37.8682991776
37.874433474
37.7770714485
37.8137765791
37.8389467513
37.8765950327
37.7984918701
37.9296009637
37.8681792267
37.872378099
37.8952144439
37.8561800308
37.7838001205
37.8647047793
37.8682135087
37.9601603745
37.8501848924
37.8931012703
37.8951092817
37.916762205
37.7064874042
37.7578865911
37.878938273
37.8752054467
37.7241935976
37.7466972012
37.8618433485
37.7893440671
37.8240777047
37.7686908881
37.7874644159
37.7996662048
38.0500342864
37.8779979393
37.8671114739
37.9144577534
37.8214348141
37.7593795248
37.8014303426
37.8863344495
37.7985100466
37.8909273256
37.9326591644
38.0220886328
37.8583215379
37.794243438
37.7595539101
37.7035379175
37.7312484216
37.8371998938
37.794040053
37.8720175057
37.7986476292
37.8167476028
37.8041707276
37.723169134
37.691930135
37.7631038731
37.8406365284
37.8886520435
37.786534603
37.7794956629
37.7944126742
37.7594650823
37.7409538613
37.7582590841
37.7479947269
37.7928359327
37.8914864715
37.8197470637
37.7536296134
37.7364742316
37.8053973482
37.879092537
37.8314402121
37.767947977
37.7345749629
37.7424220913
37.8696510568
37.8134667834
37.741739248
37.7020924907
37.7502149002
37.8124137724
37.823432508
37.7852167023
37.6842484053
37.7328405767
37.8826958644
37.7437651427
37.791537802
37.8211268228
37.8209052133
37.9481381041
37.8305876858
37.7033018141
37.687565841
37.7436343556
37.7819479053
37.7529493769
37.7494995748
37.7809588261
37.8536618694
37.8610970363
37.7213595792
37.7650921698
37.7591000922
37.774910394
37.7600423376
37.768876554
37.7581214257
37.7041827403
37.9045256001
37.7249405076
37.7447849944
37.8315643502
37.740429087
37.8014447133
37.6628574705
37.7679441911
37.6853831605
37.7424570868
37.7248047668
37.8399000546
37.7593690195
37.7328999348
37.7065747581
37.6874644705
37.6745475218
37.5970168026
37.7399711969
37.7393659429
37.7831784305
37.756590036
37.7164430277
37.8552203379
37.6447793297
37.709686166
37.6969681519
37.7810213869
37.8043185426
37.7943809083
37.8133132046
37.7412625365
37.660870286
37.7630468819
37.7177949972
37.7114656801
37.6318404018
37.7693240063
37.7186748931
37.6954805676
37.7073419107
37.7665796838
37.7978080293
37.7711894054
37.7818917296
37.7604260006
37.6124827483
37.6644874869
37.7386093486
37.712067132
37.6905672795
37.682415518
37.635270087
37.6232588811
37.6988362239
37.8016497015
37.6826769463
37.7595601111
37.6351359646
37.6927278005
37.7813913832
37.6628480237
37.7328361818
37.7451266754
37.8845404952
37.7091980108
37.6560865409
37.6390554361
37.6666156806
37.7761859662
37.6722608136
37.6632167727
37.6816713911
37.8234552894
37.6717462898
37.6576276989
37.7155167253
37.7310228265
37.7184539348
37.7121508843
37.7406094617
37.6979822288
37.6757694
37.7120939967
37.6898257721
37.7370016583
37.8036112379
37.7466959689
37.7363985563
37.6403024138
37.6742197053
37.674928554
37.7319898703
37.6922009827
37.6794279255
37.6711880149
37.6699345478
37.7509747748
37.6543332409
37.7662854354
37.6836468985
37.6152915867
37.6547339976
37.7049053647
37.8142919983
37.6723909087
37.6461247537
37.8378204182
37.7189938593
37.6194085413
37.6614226139
37.787116445
37.8672344784
37.7975319325
37.7483982715
37.7520055474
37.8198937888
37.6301364175
37.608148688
37.5645999161
37.6465033895
37.6944092252
37.6420850061
37.6869313906
37.668524424
37.7209679472
37.7712556864
37.6746924466
37.6984995383
37.622607795
37.6556034934
37.6845184742
37.7092641518
37.7092816504
37.6359195636
37.6596798865
37.5907032202
37.6891877085
37.7323827441
37.6698382769
37.7330737894
37.6663329619
37.6717821628
37.6242457315
37.7083013579
37.7541667869
37.5903958973
37.6526110026
37.6211056243
37.657025723
37.6691452848
37.6744592197
37.6940862599
37.5979004545
37.6051935629
37.5744606966
37.6539747416
37.7334024354
37.5816881115
37.7033302002
37.7403690938
37.5981959149
37.6116371577
37.6381923858
37.6667946934
37.5938870391
37.5989027651
37.6704412708
37.6873512012
37.8465278833
37.7476338939
37.7787273102
37.5707022953
37.5461144795
37.6513674477
37.6388065924
37.6022778613
37.652134851
37.7641840057
37.6354551412
37.5982029249
37.653356757
37.6609930832
37.6620830333
37.5741962111
37.6923300113
37.6910841193
37.5443458726
37.6645764453
37.6741518951
37.7741414979
37.7271659018
37.6454532541
37.5501409266
37.7072316632
37.6512040323
37.5920682432
37.612690252
37.6486334858
37.7138970961
37.6918921457
37.6148851851
37.6474603602
37.6111124373
37.8135180275
37.7125817967
37.5815826626
37.632347594
37.6369030226
37.5985117363
37.5679372325
37.6046029704
37.6371007226
37.6384907619
37.7570291817
37.6531393459
37.5452517498
37.595330912
37.6172765452
37.7337923804
37.6952276009
37.760961768
37.7384634405
37.5976083829
37.596689389
37.5442110449
37.6199665327
37.6030740941
37.5302242664
37.5226268828
37.6549133661
37.520349271
37.5558242511
37.5161277315
37.5980823296
37.6169300497
37.631233087
37.7001223337
37.6372876472
37.6479834483
37.5895916751
37.6495915451
37.5893764298
37.685570235
37.6548466626
37.7186708156
37.7079159306
37.5650885267
37.5828389048
37.5285651675
37.5877140099
37.6698948337
37.7314109926
37.5246211452
37.5219413944
37.6835293933
37.6594978422
37.6732595805
37.5972154361
37.5207746323
37.6209094972
37.6820269058
37.6023602237
37.5991948043
37.699065641
37.567660629
37.6786017846
37.7431534413
37.599080686
37.5871671474
37.6353928201
37.5887382261
37.5920503985
37.6122787747
37.6094569998
37.5931551779
37.6018684001
37.6371877937
37.6208303457
37.566383685
37.5774349246
37.5076144381
37.5682721765
37.5923804846
37.589464469
37.522500013
37.7051643883
37.7098280163
37.5452852879
37.5989526535
37.6008588037
37.6360703272
37.6765246641
37.6077069482
37.5555620699
37.6426768647
37.6164021416
37.5975623867
37.6328960817
37.6044418579
37.5842902397
37.5738355047
37.6385618007
37.5783159455
37.5255162289
37.5614640773
37.682041705
37.4601490792
37.538472286
37.581407198
37.5097728828
37.5710214023
37.6180919643
37.6313018926
37.539335688
37.5469101123
37.665740721
37.567409585
37.5401877124
37.4957631205
37.5317867463
37.6031495386
37.6652277599
37.6114368243
37.560044548
37.6324229235
37.6722247175
37.589367039
37.5615147426
37.6023317885
37.490540955
37.4837436368
37.5738177065
37.5947326867
37.6158609053
37.6918080865
37.705283126
37.6601640806
37.5481293389
37.5524887498
37.5602627769
37.5714012352
37.5705248366
37.6564666388
37.6027756624
37.5833674888
37.514102648
37.5314258115
37.5405745127
37.5527774177
37.6499010072
37.5626703258
37.556088609
37.5446027001
37.5582455615
37.6158677412
37.5952880022
37.7079426508
37.6169687091
37.5908891795
37.592714664
37.5258681841
37.5641666415
37.5521156658
37.5856326883
37.7033382045
37.5330373565
37.4733109851
37.591512541
37.5609492662
37.5807418642
37.5263086316
37.6113598492
37.6512206185
37.6642338808
37.569802589
37.6116393549
37.518240593
37.6425451261
37.7314392685
37.5130113412
37.5205934996
37.4787171253
37.4596677612
37.6089094739
37.5465626301
37.4672055595
37.4828210136
37.5219746485
37.6479764861
37.7208291572
37.5563848686
37.5954899166
37.6125815667
37.6617760436
37.642520346
37.5531774864
37.4786685493
37.441654423
37.5092394504
37.5880785185
37.5007793576
37.5082668681
37.6160480067
37.5943190852
37.4893846948
37.4973676076
37.5532839081
37.5462501124
37.5404633488
37.4015551106
37.4634153804
37.5896358248
37.5237430216
37.6273099603
37.6845119784
37.6189769228
37.4669225138
37.5003171144
37.5646514806
37.5841962305
37.6395128693
37.6519332493
37.5823194336
37.5904660069
37.5280919377
37.4025028428
37.4883508976
37.4271867942
37.491931006
37.5191337409
37.5028072484
37.569080144
37.5929495152
37.6065652537
37.6565534282
37.7266591466
37.6589076529
37.5439198613
37.4456297407
37.485288708
37.5492968149
37.6548069349
37.4888945441
37.6217959257
37.5278537505
37.5531785544
37.4875606608
37.544905955
37.4301328351
37.5070911372
37.5580808503
37.5165424394
37.5894395872
37.5852617578
37.6546494117
37.6793816859
37.6718438979
37.5897166161
37.5249433105
37.4792896633
37.4578923321
37.568757996
37.6224643595
37.67791056
37.5613742255
37.6817927261
37.4294683065
37.4422310191
37.5127501774
37.4877848695
37.5313371843
37.4723120065
37.4526183376
37.5976669095
37.4754515311
37.6304652527
37.5139796154
37.5384311565
37.5479745178
37.5378280056
37.5082715096
37.5811273056
37.4381470411
37.4814483753
37.5010568161
37.472742936
37.4844948202
37.5257915152
37.6411209758
37.5730537637
37.6371638455
37.6473133247
37.5240548708
37.4656875172
37.547532981
37.5152424077
37.6385650732
37.6613084037
37.5855247774
37.4060518381
37.5239019354
37.5378600002
37.467957024
37.5660395905
37.4752997524
37.4187120812
37.4362090637
37.5609369812
37.5768660686
37.5491941462
37.4842971619
37.4974917291
37.6335440099
37.625833383
37.4359475305
37.5131841687
37.5270553078
37.5564743925
37.6004294624
37.6681639878
37.7411928557
37.6541647283
37.5580713817
37.4369536873
37.4646094099
37.4406753781
37.5347515153
37.5336837997
37.4855699012
37.5234058066
37.5169217119
37.5757900423
37.5175549187
37.5574966708
37.4403216636
37.5406085672
37.5240150348
37.4818935263
37.5006728453
37.4259383141
37.4549316136
37.5341205059
37.5088704697
37.4679331463
37.5354417328
37.5537677197
37.5358298814
37.5076671551
37.4595280636
37.4707441508
37.4694255105
37.5600190427
37.5890014677
37.5107446543
37.4602965672
37.4773567518
37.5485923237
37.5345191367
37.5508215292
37.6270602466
37.6042099614
37.5114451747
37.4815604379
37.4155681672
37.3937739777
37.5126046659
37.4758331068
37.5999699608
37.6401954356
37.5052255298
37.5591675732
37.5975941068
37.3640169339
37.3889541124
37.4868644003
37.5006436897
37.5211889278
37.4518648582
37.4685916584
37.5082914553
37.5159857105
37.4366420132
37.466645949
37.5020699431
37.4097355315
37.5213686628
37.5190316512
37.5635016069
37.5160683548
37.3905516679
37.3741442293
37.4837892936
37.5866836643
37.5426858241
37.4000924999
37.5040025601
37.421678199
37.4615112496
37.523570101
37.481393661
37.5378931438
37.588346305
37.5188281333
37.4995757106
37.488644383
37.5532454597
37.5034567553
37.506095263
37.5293980926
37.5447688121
37.5184025737
37.4138287243
37.4281903992
37.4811597961
37.456384257
37.5782638663
37.5016257819
37.4674659038
37.483444344
37.5484526566
37.4919086073
37.4969885764
37.5197578449
37.4981098606
37.5680035699
37.4572351424
37.6503971959
37.4924860206
37.425878584
37.4062815998
37.3455331016
37.5084362818
37.5101288378
37.5779803227
37.4315143722
37.4789759344
37.5735299455
37.6279724294
37.4670423259
37.4033153854
37.4411915543
37.4962389061
37.4110091064
37.3840020008
37.4947670751
37.5764654123
37.4325340075
37.4206909304
37.4177974639
37.5145523328
37.5262568617
37.5347433
37.4510594132
37.477392284
37.5068205244
37.5765994726
37.449453009
37.3762588726
37.413410021
37.4005324078
37.4667498314
37.5131398619
37.5312839011
37.4117249104
37.3987549232
37.4317239943
37.4361304803
37.5596109136
37.453027335
37.4481733491
37.4824607124
37.3979797384
37.4537171431
37.5203771297
37.4401592784
37.4805703707
37.4973497982
37.526849242
37.5329087428
37.6083361733
37.5278371227
37.4545361119
37.4020971473
37.3920063923
37.473336916
37.4332379162
37.4581349973
37.385217045
37.4172698495
37.3872382543
37.4537200452
37.5168278688
37.4751982121
37.5110482497
37.4833630098
37.4426468681
37.513143521
37.5073418353
37.4414985892
37.5268842092
37.4898202689
