40.6544489514
40.5456882443
40.5115999705
40.4955585787
40.4080468379
40.2947804039
40.161587299
39.8367127841
39.8242114403
39.8277806558
39.925845119
39.7829643423
39.7643082438
39.6029328956
39.1318448045
39.1626457259
39.3056737518
39.53193971
39.267672297
39.3374263124
39.1284302424
38.6286174021
38.8217168121
39.0285552537
39.296018093
38.9832512513
39.0993491385
38.9342216169
38.349867704
38.6004795684
38.8567943151
39.2562131051
38.8244970331
38.9650185026
38.8584486522
38.1854219927
38.4767204936
38.7544902598
39.0910625598
38.6507491701
38.8525032718
38.7762363817
38.1291873267
38.3700008094
38.7164939866
39.0960870484
38.524713002
38.6417952607
38.597274253
37.9678826047
38.2550669635
38.5865709212
39.040865023
38.4287551814
38.5614041754
38.5931029049
37.9382892375
38.1684515535
38.576291993
39.0381158316
38.3419963564
38.469761532
38.4597813907
37.9316948117
38.1221776554
38.4822781624
39.009533661
38.3518417583
38.4859304443
38.4808121805
37.906359608
38.1332460005
38.4840513845
38.9481430866
38.3284651819
38.4658035194
38.409677908
37.8430024817
38.0685417255
38.4293717973
38.9095550454
38.2340415158
38.4192318966
38.3975301271
37.8576312078
38.0787488812
38.4643407663
38.9677927927
38.2600923281
38.4609099863
38.3995111342
37.8326723173
38.066983903
38.4745455435
38.9225048163
38.2714798315
38.3353232658
38.3291139332
37.8159982293
38.0223337677
38.3738615753
38.8303353089
38.1873542936
38.3329191459
38.3176171356
37.8190013154
38.0254083091
38.4704027105
38.9743695149
38.2335858069
38.364176326
38.327258953
37.8506782924
38.0449380759
38.3551992791
38.8687475662
38.1888456286
38.3233234837
38.2698128704
37.800610277
38.0520087037
38.3707292128
38.8673759859
38.2024682604
38.2808740147
38.2357448783
37.7885634232
38.010725207
38.4434197591
38.9012102835
38.2201594006
38.3178755774
38.2572418429
37.7679378284
37.9600561607
38.3502175802
38.8368383941
38.1560499536
38.2388830226
38.2263186981
37.7953361764
37.9683148029
38.2490143578
38.6907389905
38.1199930258
38.213990283
38.1340259377
37.7587057852
37.9530926934
38.2551744926
38.6777565588
38.094426423
38.2078612517
38.1222237836
37.718359662
37.9400256748
38.2645413466
38.6967654635
38.0743933948
38.1955025727
38.1975864937
37.744978424
37.8955901583
38.3205291893
38.7410872656
38.1091105234
38.195275413
38.1633231026
37.7690368111
37.9344789184
38.2658264754
38.7788371694
38.1567582752
38.1959932951
38.120127405
37.7190009135
37.904309995
38.3238140955
38.6842641003
38.0998592932
38.1856312569
38.1359645071
37.791113152
37.9365230458
38.3960135654
38.7876764063
38.1002283083
38.1736361205
38.1329596687
37.7753332147
37.8685218013
38.3093638879
38.6885288994
38.0656690034
38.1465513357
38.0584644083
37.7606056862
37.9406943655
38.3447666641
38.6942454583
38.0176834998
38.138570606
38.0875243582
37.7541497624
37.9065949887
38.3165976411
38.7859868955
38.1436982176
38.2093577366
38.0842109157
37.7039213285
37.8906529819
38.3838703507
38.8584591572
38.133254179
38.2053540135
38.0653716524
37.6989373608
37.8968693966
38.4086503981
38.8894996528
38.122025477
38.1519574004
38.050363549
37.7380000828
37.9564451027
38.4313282447
38.9069793624
38.1772280194
38.1792029109
38.060956734
37.7561584503
37.9072241543
38.3983818725
38.8887677859
38.1052802342
38.1832704271
38.0532366188
37.635097314
37.8538948529
38.4188887945
39.0259714375
38.1069402745
38.1875970852
38.0000029456
37.7135776094
37.916152568
38.4207218419
38.9770838753
38.1245540411
38.1749761805
38.0187105102
37.6814713659
37.906283411
38.419289942
38.9185875494
38.1670352758
38.1552137586
38.0380571997
37.7134335624
37.8551265037
38.4032099631
38.9343460132
38.0884900858
38.1243013971
38.003164989
37.6850333758
37.8837821595
38.4644793701
38.9448764655
38.0683776326
38.1468660778
37.9876511048
37.6481270853
37.8763929426
38.4592774018
38.8457494185
38.0506693954
38.05869886
37.9542804906
37.6842916767
37.8880930307
38.5054429153
39.0485101711
38.2031931026
38.18168506
38.0075050614
37.6858255057
37.8620434628
38.4699418379
38.917458853
38.0990848545
38.1505461229
38.0766237927
37.6757738273
37.8775061976
38.4181790369
38.8266406891
38.1285369609
38.1788282978
37.9936193367
37.6305915403
37.8683239916
38.5221484046
38.9186188247
38.1685164978
38.1822017276
38.1010043217
37.6632327714
37.8943706257
38.4382632792
38.9041476598
38.0869333271
38.1948224033
38.0456570969
37.6304773604
37.8878822994
38.481335287
38.9798746386
38.1079559428
38.142488669
37.9841057623
37.6448839501
37.8725219579
38.5134135371
39.0036762012
38.1962379291
38.1845648373
38.0865522287
37.6620919828
37.9086151045
38.4553988012
38.9718029241
38.1203996907
38.1011884381
37.9935555427
37.6718156715
37.8742610567
38.4857999806
38.8943986959
38.1031652588
38.1245522134
38.0108369474
37.5984817091
37.8790255438
38.4248821819
38.9318986108
38.0826072729
38.0918029211
37.9340658804
37.6085931691
37.8971837147
38.3511196552
38.7997991024
38.065380224
38.0860641543
37.9709237614
37.5739505288
37.8553209511
38.4592489436
38.8767657908
38.0560974339
38.0791543514
37.9652508527
37.671552418
37.9050817291
38.4498034402
38.8988966632
38.0151026614
38.036251764
37.9001523809
37.6249880536
37.9394599098
38.4876043764
39.0086087889
38.0771339493
38.0688680071
38.011945567
37.6463732055
37.9221853555
38.4983584639
38.8520056362
38.0574858187
38.1209051216
38.001786253
37.625953847
37.919731356
38.3474642018
38.9623870084
38.1130276776
38.0799074642
37.9813135788
37.6199822214
37.9176719529
38.5193805811
39.059084653
38.1457950086
38.159930014
37.9700450623
37.6053354752
37.850997776
38.5221280821
38.9638072727
38.0339114166
38.0951447356
37.9599610774
37.6280127919
37.8797251227
38.4177018076
39.0038082893
38.04389807
38.0797978509
37.9578873513
37.6065511762
37.865739268
38.4065726111
38.8621201474
38.0873116985
38.1469740674
37.9450655355
37.5806917217
37.8712720415
38.4004799617
38.8182145147
38.0185239753
38.0496930807
37.8969472562
37.5475726582
37.8439925855
38.3378055802
38.8976513261
38.037227182
38.0112438674
37.7953256521
37.5432030596
37.8591755957
38.3971072216
38.9042806375
38.0685005486
38.0580404256
37.8914038143
37.591781905
37.9125704959
38.4761055732
38.9365814552
38.0783233385
38.0699678617
37.9232104124
37.5466327924
37.9161749393
38.4769655425
38.9416819553
38.0437055121
38.1428687066
37.9723209726
37.5956828772
37.9350514193
38.4635045761
39.1046283658
38.0968154799
38.121871979
37.8873261882
37.6114392463
37.8712980461
38.4956429166
39.1029416301
38.1217250833
38.205614272
37.9285997926
37.5880212986
37.9184085902
38.3980760818
38.9693337751
38.1172758563
38.2146003757
37.9474187197
37.585045448
37.9123794806
38.340416695
38.8537495295
38.2055424346
38.2094009697
37.9169941844
37.6022052061
37.9126432753
38.4628187528
38.9251861238
38.1807640206
38.2873817762
37.9208097604
37.5664055301
37.9665673222
38.5039023675
38.9532251935
38.2006429151
38.1681867715
37.9345769304
37.6070913014
37.9115698266
38.3992343647
38.9264492239
38.0728876958
38.0657381875
37.8641049369
37.5629989913
37.8874403913
38.4200359385
39.0063230996
38.1334775224
38.1079353449
37.8480616171
37.4876643786
37.8214707179
38.348434909
38.8577937403
38.0304081398
38.1334869823
37.9393976811
37.5350799788
37.831151531
38.388348788
38.9006438931
37.9963879812
38.1227933172
37.9192176163
37.5430358136
37.8356452664
38.4050993962
38.7733004071
38.0500450372
38.1178705995
37.9184960998
37.537273238
37.8490798844
38.2950997602
38.8812456848
38.0658927277
38.081508187
37.8872173975
37.5181361436
37.8222321604
38.330581213
38.9120389301
38.0079862145
38.112016733
37.9702162722
37.5263440028
37.8494160275
38.3289852763
38.7890584636
37.9594577829
38.017383007
37.8558133541
37.5154525166
37.8257984883
38.3718294912
38.8713606767
38.0505815715
38.0686030028
37.8660705137
37.5400431342
37.8231435355
38.3895299584
38.845356662
38.1363763421
38.1027603286
37.9099325688
37.5028417249
37.8833853306
38.385151807
38.8883058986
38.0277378879
38.0694814926
37.8804587061
37.5223683419
37.8353981969
38.3785960484
38.6931788952
37.9991656407
38.1037068929
37.9349537027
37.5268846155
37.8278660392
38.3461983375
38.8401975441
38.0631411893
38.0165126255
37.7948360574
37.4880599086
37.8168915712
38.3585112556
38.7772200925
37.9775249426
37.9944269755
37.8896574244
37.4764753561
37.8140053001
38.4239578686
38.7541126016
38.0335519678
38.016634582
37.855046157
37.511260244
37.826598701
38.2863185519
38.7544448239
38.051196553
38.0925880514
37.8998238785
37.495107253
37.8006157253
38.3414741346
38.817830295
37.9823457864
38.1463260482
37.9637346875
37.5288381035
37.8316789855
38.3344231003
38.7504120536
38.0627831304
38.0699335684
37.9444751669
37.5548272703
37.8160731387
38.3246128879
38.8114620429
37.9914639968
37.9833599856
37.8113311056
37.5525403201
37.8793534747
38.2901209137
38.6894441909
38.0803046585
38.0559906314
37.884907815
37.6160377513
37.9136329781
38.4015183814
38.8570879569
38.1133217138
38.0226238147
37.8608428007
37.5981719151
37.8602264519
38.3571261523
38.8847098155
38.0608356077
37.9590652675
37.7978980719
37.53125903
37.8729346433
38.3692358708
38.7472473424
37.9920548027
38.0033173623
37.7513798519
37.5514454992
37.8743065903
38.4401929636
38.7903019062
37.942810528
38.0224859071
37.8193311401
37.5032803392
37.8568723839
38.422794381
38.7764311431
37.9683780373
38.0550026521
37.8814153151
37.6053253703
37.8401044123
38.4054041862
38.880398102
38.0012391988
38.0428495607
37.9002594817
37.5460531569
37.8402157223
38.4991000413
38.9343150726
37.9739569494
38.1197612752
37.8246276051
37.5709045837
37.8531235604
38.4518447718
38.8613483775
38.0493422226
38.1753142651
37.8530667853
37.5388195369
37.8733290262
38.451857512
38.8367239046
37.9918577609
38.0909326903
37.8290555183
37.5044622245
37.9115450838
38.3730266408
38.8375465291
38.058784711
38.04212361
37.796999718
37.5512053448
37.8130940711
38.4132096576
38.7560425881
38.0046689693
38.0520425645
37.936723322
37.5290387498
37.8752807035
38.4368456658
38.8806985812
38.0064096142
38.1190934781
37.8772873576
37.5004920605
37.8303057082
38.427384127
38.9936017966
38.0618730772
38.0604735628
37.922327386
37.5585349453
37.7977725619
38.3713113452
38.820496183
37.9682948771
38.0488997992
37.8891132244
37.5768502601
37.7734581268
38.2730796305
38.8142975897
38.1120885374
38.1030577519
37.7843222483
37.5563935411
37.8215252753
38.3886523371
38.8714225487
37.9612010278
38.0296818448
37.7983070607
37.4869487648
37.8122324746
38.3302543034
38.8710202798
37.9392158106
38.0282932941
37.7675720863
37.4653950969
37.8319700423
38.3587302681
38.7341810674
38.0080287362
38.0938483926
37.9224046849
37.4951646154
37.8141038897
38.3825302424
38.9500954667
38.0769091795
38.104179527
37.8891214756
37.5312603239
37.7874595056
38.4460729561
38.7474252934
38.0533243476
38.0130400136
37.8502996454
37.517604719
37.7774514244
38.3420128915
38.8747245837
38.0425809788
38.0688131325
37.8548898459
37.5215347996
37.7801484251
38.3645056459
38.9199021718
37.992757163
38.1601496788
37.8895501798
37.5014489799
37.8381524813
38.3831544176
38.8453165096
38.021505549
38.1250657881
37.9096264761
37.5117712791
37.8526838371
38.3157522261
38.9151961811
38.0966057701
38.1014978422
37.8378423393
37.4882298206
37.8016679729
38.3750892525
38.8082220097
37.9654438257
37.9848756884
37.8274585004
37.4604591466
37.8034505172
38.2394613359
38.7472943625
38.007999
38.0644480778
37.9554790542
37.4497145649
37.8202755374
38.2675549853
38.707955861
37.9364848379
37.982111511
37.8861861248
37.4962832361
37.7899865294
38.3013997845
38.794533699
38.0689647195
38.0431431615
37.9164870999
37.4715446956
37.7799759669
38.3297600735
38.8321605563
38.092739501
38.0378941464
37.9133343672
37.4747209298
37.7875914873
38.4241873638
38.8057770467
38.0719539097
37.9670813771
37.8350686457
37.4957345584
37.8185162779
38.3479326381
38.7814706584
38.0113050343
37.9438663125
37.8201107764
37.4514853642
37.7741905905
38.4197777199
38.9189019801
38.0560063119
37.9756583352
37.7902613879
37.5298153769
37.796074716
38.3355568294
38.8223107156
38.1299556032
37.9595645611
37.6512241056
37.4692908406
37.7851076378
38.2924332407
38.6825755744
38.0401630018
38.0020100895
37.8083638794
37.442802366
37.7165952051
38.348691571
38.9038618745
38.0849868551
38.0310077982
37.7954785556
37.4364705914
37.7377865155
38.3492625159
38.9078203172
38.1045551462
38.0532444137
37.8139884102
37.4648502918
37.7202713534
38.2658340439
38.7286304936
38.1240758286
38.0788081456
37.8351787973
37.5269730711
37.7241614815
38.2181623174
38.7250558932
38.0483664301
38.1228046433
37.8734138149
37.4430635318
37.7434520772
38.2744232811
38.8379101014
38.1247691632
38.0197384735
37.7867007134
37.4969991406
37.8713703249
38.2963332896
38.7875791144
38.0735184473
38.077545071
37.8134647512
37.5067206132
37.8866003072
38.2225817841
38.7289350417
38.1020948643
38.0764019598
37.8136711448
37.4601802323
37.7619912883
38.3039279139
38.7341908564
38.0773436291
38.1050840658
37.8153081327
37.5199973732
37.865574177
38.2825072636
38.6029732422
38.092874766
38.0517172551
37.819557138
37.4446063826
37.824380297
38.2766450454
38.7887467408
38.1411053089
38.149757107
37.9080992954
37.4679994785
37.7455506517
38.2219193052
38.6390422844
38.0987230557
38.0287860883
37.8116271019
37.4230077217
37.8131655589
38.2456155705
38.7843215939
38.0809444562
38.1086063102
37.8697086889
37.5351907765
37.8577013553
38.2837644341
38.8387165291
38.0862237023
38.0441465824
37.8367388304
37.4921717208
37.7849785091
38.2512947356
38.7877565497
38.1038194544
38.0648198416
37.8757475203
37.4841986025
37.7742107268
38.282406417
38.7554647951
38.0595336262
37.9836146718
37.7786266024
37.4555342376
37.7961319085
38.2038704127
38.6048926472
38.111447068
38.0180753693
37.7776615958
37.4453899969
37.8288522575
38.2634420442
38.6818522695
38.128126131
38.0034190547
37.7385985509
37.4756477392
37.8403552435
38.2912000972
38.8030203059
38.2177753419
38.0632004478
37.7356765866
37.4433793754
37.7760516437
38.1639013011
38.5937743511
38.229370786
38.0616358045
37.7291738043
37.4443633561
37.8260074744
38.2300378378
38.5893407925
38.0683566494
37.9656799158
37.8207839503
37.5048764719
37.856758154
38.3332739226
38.7498103802
38.0982184377
38.0198898928
37.7959612024
37.5098346436
37.795125242
38.2536012703
38.7188386223
38.0508586389
38.001830782
37.7356583945
37.4350287809
37.7673615917
38.3911341851
38.6177496785
38.0673976281
37.9900350616
37.7415363182
37.4707573353
37.7433768009
38.232459481
38.6653658887
38.0614787844
37.9940127192
37.7386210456
37.475496417
37.8268028515
38.3028786856
38.7022708948
38.1181365988
38.0190174115
37.7936261272
37.4679507749
37.7574837002
38.2287470391
38.7325187418
37.9963971205
37.9296244054
37.6891545657
37.4722729574
37.8128635865
38.2734825049
38.7249997274
38.0828864822
38.0078966064
37.7437316011
37.4222685834
37.7411118252
38.2739030917
38.6752682406
38.0673832496
38.0360030806
37.6684172033
37.4859319283
37.7440366852
38.1855619928
38.5508706993
38.0292866444
37.8908508112
37.6465705487
37.4014204572
37.7400831141
38.2533818944
38.633277043
38.1501120178
37.9982939918
37.6760145308
37.4453467289
37.8129307671
38.1704891519
38.6822216171
38.2430944343
38.1054100316
37.6868476199
37.4130624084
37.7562113427
38.191008245
38.6141059788
38.1982760154
38.1575536041
37.7060749786
37.4520015674
37.7501918717
38.2098771487
38.6177595316
38.1046990313
38.1246567107
37.7566815725
37.4863997375
37.7853724667
38.2554366186
38.6502636379
38.2070953608
38.1717469099
37.7666680071
37.4626385199
37.7947006629
38.1604783729
38.5799094874
38.1420549403
38.0370953241
37.7515628132
37.4766835788
37.7102959839
38.2285309461
38.5030481621
38.1109951349
38.0487644986
37.7437504582
37.4930918826
37.7534552893
38.2478335656
38.5996811352
38.0796984656
37.9541857315
37.7415907831
37.4513087824
37.8098217358
38.2539053655
38.524666385
38.1177542738
38.0093467544
37.7818726214
37.462568637
37.7880171897
38.3019215735
38.6174907689
38.0922711666
38.0201731188
37.8439210896
37.4650663357
37.8465695468
38.1842147981
38.5435611411
38.0539831873
38.0269754119
37.7851953576
37.4120829359
37.7716148917
38.2739387408
38.5902936755
38.1530701565
38.0563339483
37.8402412189
37.5158553417
37.7478995354
38.3700676621
38.634359392
38.0952843069
37.955092117
37.8544695235
37.4871581245
37.8353888324
38.3110167724
38.7566200501
38.1778424683
38.0200427831
37.8620911479
37.4847076301
37.8265118186
38.3255721427
38.7750999181
38.2704238323
38.1209104353
37.8855304812
37.5433140757
37.8528192063
38.3677797534
38.6869664344
38.2580134681
38.1087983456
37.8287567852
37.5257105235
37.8513108042
38.3230994054
38.7920849888
38.3158919977
38.0924770369
37.8237972048
37.4819273088
37.7593754134
38.3886307674
38.7140604739
38.2170619408
38.0185359397
37.7837513462
37.4355824282
37.789420623
38.2858759914
38.6162853042
38.2743269244
38.1023275126
37.8351236797
37.4805057219
37.8530265202
38.398087111
38.6360650516
38.2099835859
38.0918652131
37.8614583809
37.5137293331
37.800765192
38.3364838489
38.5878275292
38.1926556759
38.0440044247
37.8394985908
37.5368554371
37.7929205856
38.3217293718
38.6763296999
38.0679973543
37.9555182108
37.723077851
37.4543225416
37.7528417937
38.2281021944
38.4753103104
38.0982343289
37.9681955657
37.7200661125
37.4920305975
37.7658486729
38.3126005937
38.7928652907
38.1319363409
38.0638602732
37.8622015219
37.4395435623
37.8671520166
38.3470249049
38.6636406429
38.1599250059
37.9651986271
37.7621009016
37.4876667013
37.7578571875
38.2846405091
38.59842468
38.2091471068
37.9594785605
37.7900451026
37.4690284493
37.8009054103
38.2759019479
38.5159166753
38.2342735486
37.9375105808
37.7806927235
37.5310934675
37.8414395182
38.4249640452
38.8815050588
38.181500095
38.0404313806
37.8057655667
37.4751498854
37.831732826
38.2482192968
38.5292666886
38.2932286843
37.9763845392
37.8084461688
37.5232438447
37.7710285791
38.3355671683
38.7058537392
38.2706928293
37.9954107006
37.7484837973
37.4736639208
37.7885156297
38.3429499748
38.6803925111
38.2452582766
38.0257268969
37.7573618056
37.4775075381
