5.31592549696
5.26558576085
5.25851002886
5.25155148412
5.24945642559
5.24597251187
5.24265989903
5.23914567961
5.23714964208
5.23278723664
5.2296491695
5.23079137129
5.22883423077
5.22691862132
5.22671446058
5.22686184208
5.23153305841
5.22441498601
5.22616681714
5.22213660047
5.21712970136
5.21684302033
5.22295965654
5.22411241631
5.22331324354
5.22165989178
5.21036030676
5.21214732428
5.21616994826
5.21341313452
5.20679193948
5.2207201154
5.22288736616
5.21912947735
5.21603936738
5.22047515715
5.21525846688
5.22161604078
5.22576641105
5.23347065963
5.2148825466
5.22117935383
5.23327799412
5.23818550531
5.22850448991
5.23242439613
5.22913977409
5.22598042404
5.22181822418
5.22706672923
5.22633740077
5.22401196385
5.22186898139
5.2210022392
5.23114758523
5.22137703505
5.22779039555
5.23445083883
5.23097753077
5.22127807472
5.22158593134
5.22327495612
5.23659215764
5.22650845607
5.22094149675
5.2186660874
5.22891141171
5.22299455688
5.21745999612
5.23573760531
5.23433298802
5.22923597088
5.22865783124
5.23138438785
5.22878252594
5.23104615692
5.22806751668
5.22815009282
5.22185295946
5.22671889171
5.242096332
5.24112755121
5.23292204849
5.22841413432
5.22110938841
5.22961295699
5.24350717005
5.22939391242
5.22773556888
5.22078628874
5.23048969237
5.21680641127
5.2101728144
5.20949469513
5.22148813944
5.2204946171
5.22449923127
5.22827503475
5.23557571001
5.23965232394
5.22885515404
5.22227393375
5.22152913678
5.22882223925
5.22358277605
5.227700842
5.22432156791
5.22918899705
5.21183368853
5.23322268031
5.23137961409
5.21828085051
5.21979280433
5.2252454974
5.22823261448
5.24387041096
5.22234404335
5.21490382405
5.2173529932
5.2077701823
5.22052177499
5.22147304966
5.24194768794
5.22730725025
5.21765572225
5.21747194149
5.2182298247
5.21911336214
5.20528045591
5.22669577828
5.22586165653
5.22244870645
5.22825218825
5.21629105657
5.23986698447
5.22406027714
5.22035562414
5.21297545314
5.20965410668
5.21935606928
5.22465164276
5.22030752787
5.22407677429
5.23090751717
5.21774439588
5.21364047228
5.23099132649
5.21052158014
5.21159420805
5.21638279564
5.21883866587
5.21499497019
5.22248510952
5.21483456288
5.21840841474
5.23027968116
5.21749458835
5.22236061058
5.22498418177
5.22534934699
5.20586536678
5.22339823938
5.21715364775
5.21275189071
5.22014840658
5.22180080725
5.21957300422
5.23107084594
5.22023532194
5.2205291149
5.22099692854
5.21904200921
5.22079911915
5.22372341726
5.21477630693
5.21700839278
5.2028117986
5.20769599253
5.21570291235
5.21816693469
5.22160976627
5.23436346177
5.22094124893
5.22172136045
5.21410256757
5.22894599577
5.21720843914
5.20799054885
5.22229158963
5.22152441302
5.22334143079
5.22398382027
5.21348931312
5.2162106864
5.21660804254
5.21727954721
5.22238432615
5.21851963371
5.22688611763
5.21246883463
5.21365325955
5.23365276922
5.22209066261
5.21690227611
5.21982540784
5.23648819675
5.21357226272
5.22507561197
5.22217530837
5.21830178078
5.21148419263
5.21203229043
5.22204139658
5.22148550934
5.22760286846
5.20848340719
5.20556361954
5.2238270625
5.21732798986
5.21501943391
5.22742578098
5.21849894239
5.21053607649
5.22683158559
5.22344168427
5.2081717102
5.21061490313
5.21600375127
5.21257707259
5.23057310077
5.21515244954
5.23022540582
5.23445800549
5.22777285707
5.21366489785
5.21812795705
5.21898256959
5.22181666861
5.21915565975
5.21058243325
5.21028651663
5.21084196128
5.21800578071
5.22098896831
5.2104659812
5.22622566342
5.22413930895
5.22306415213
5.21224206519
5.20424922686
5.21819151723
5.23442862937
5.21990083074
5.22356951783
5.22276163231
5.21768655793
5.21336523459
5.21261900372
5.22368805603
5.21663611111
5.21839952854
5.21791065054
5.22478994592
5.21440605285
5.21672494375
5.22986613687
5.21757587152
5.21710791532
5.20958893514
5.20760731474
5.22019666
5.22992003292
5.22612218464
5.21323043416
5.21926527042
5.21814810579
5.22285532202
5.21616231742
5.22496489797
5.22120631647
5.21809926362
5.21180292168
5.20675444788
5.21515812144
5.21604300492
5.21790553256
5.22113526103
5.2180824073
5.20473863321
5.22469912726
5.22076302287
5.21436221735
5.21562254036
5.22297891776
5.21155848991
5.22260953505
5.21674456451
5.20787263141
5.23253022235
5.22292608492
5.22121000884
5.20960223549
5.20291857578
5.22315469113
5.2109019761
5.21779996471
5.207505964
5.2225806189
5.22988294409
5.22460108345
5.21262015288
5.21064719776
5.21929509191
5.22392921563
5.21952269756
5.20806353203
5.21497463215
5.209383121
5.21825842369
5.21836439717
5.22348451264
5.21141577703
5.2210095158
5.22789246257
5.22033472661
5.21392142934
5.21199534156
5.20575513789
5.2193547469
5.21401208051
5.22794022883
5.23081796408
5.23551210501
5.20613074968
5.20709786686
5.20790947175
5.22296140627
5.19288172092
5.20951592677
5.20956043678
5.22558903936
5.23441480664
5.21984194522
5.21401083995
5.20541508369
5.21159631167
5.20926272051
5.23199911197
5.20802942571
5.21630810356
5.21469816581
5.22191663434
5.21394170008
5.21605051004
5.20959661342
5.20203334108
5.20823047091
5.23313352118
5.22121487547
5.20491965376
5.20901851731
5.22117492462
5.23129401685
5.22773393659
5.21675578361
5.23183720439
5.22879130891
5.22052940028
5.22403039839
5.20709552546
5.21671778728
5.21234799624
5.21544112975
5.21706484268
5.20556476833
5.20639875541
5.21941787145
5.21276848912
5.22071514848
5.22677458604
5.21804848865
5.21439759936
5.20629259324
5.21182318764
5.21881170156
5.20907286795
5.20689999046
5.22577459377
5.21554441514
5.21966087295
5.20701545012
5.21525075837
5.21827729011
5.22376578154
5.21229371751
5.22294657029
5.20295980948
5.21541889375
5.215331213
5.21497980933
5.21283719679
5.20664382858
5.20328176249
5.20935580617
5.20062728659
5.22219570505
5.22303139981
5.22737970103
5.21096946681
5.21561372541
5.20400766593
5.21715252816
5.21496210972
5.22282726119
5.21103110265
5.21609356417
5.22085914523
5.22339530738
5.22573986247
5.20899382498
5.20090276654
5.21958070624
5.20750387903
5.21028187663
5.21284185606
5.22898875138
5.21954542367
5.21317619542
5.21647006953
5.22476800325
5.21048612476
5.21262167359
5.21288933647
5.226665969
5.21538567954
5.20684947869
5.20318119067
5.21150603841
5.2077385572
5.21215754552
5.22192105343
5.22167304569
5.23466290646
5.21071285846
5.20646364943
5.21250836296
5.23108604623
5.20727376306
5.21532022847
5.20897731299
5.21149706249
5.21103665772
5.21705772933
5.21093438294
5.21549694441
5.21802098951
5.21176025989
5.22681161165
5.22840981911
5.21778481732
5.22841918882
5.21060992581
5.19401480322
5.19010737534
5.20680153382
5.20528632662
5.21592318806
5.21814958996
5.2197760529
5.21632147659
5.20357194883
5.21225692842
5.20267950955
5.21347488292
5.21769808689
5.21590055963
5.2363889661
5.2137546622
5.2302745656
5.22338798321
5.21247675813
5.22339189005
5.2133021598
5.20528874196
5.20796084349
5.20667091483
5.21482380904
5.21085551059
5.21007630449
5.21344765871
5.2248767696
5.21368492905
5.2116745584
5.21796037582
5.21049804086
5.20303458867
5.22367003885
5.22625356372
5.2276680007
5.2293797352
5.21429910302
5.21413672141
5.21103515318
5.21560943306
5.21924196133
5.2002493181
5.22259873101
5.22237622988
5.1995518914
5.21226095875
5.21506063504
5.21827202583
5.21451035554
5.20940467332
5.20994071858
5.21263527535
5.23000073645
5.2194560402
5.21446769407
5.21589198669
5.22409749974
5.21188081484
5.21090190576
5.20725093041
5.22046676522
5.21096775935
5.20307744196
5.20533989971
5.2084813824
5.20775374084
5.20754293051
5.20751413473
5.22035438854
5.21661191367
5.24141789448
5.2161371095
5.20650282256
5.2030189211
5.21895183376
5.20531380777
5.1970575979
5.22375032795
5.2282614221
5.21300107953
5.21346373908
5.2161566322
5.20781118258
5.20858272121
5.22451255944
5.21661499778
5.21097255868
5.20948646115
5.21173174763
5.21385253703
5.22176817587
5.22014240007
5.23586356932
5.22265045685
5.20405856993
5.19172455647
5.20741689211
5.21246734296
5.21232996469
5.20264749848
5.20726132254
5.21526843358
5.21210290917
5.20361731847
5.21209309798
5.20799779973
5.21600613086
5.20293962416
5.21069151825
5.21143576065
5.2231494928
5.20801626999
5.22574892075
5.21333728936
5.21167586187
5.22112058924
5.20247244234
5.21901720923
5.20161399441
5.21170370509
5.22380393448
5.21286871771
5.20853211598
5.21283864909
5.22051814847
5.22507146696
5.20677498488
5.22120894101
5.20736241006
5.20801780673
5.20921394136
5.21883747377
5.2186080589
5.22248087484
5.22008193076
5.21857112086
5.20802523633
5.21750150153
5.21282603194
5.21623263195
5.22096553726
5.20937226438
5.20115403778
5.21557900786
5.21719097453
5.21392985848
5.20779518859
5.21312609316
5.2109697487
5.21012734433
5.20007638178
5.22122530013
5.22892874129
5.22036242676
5.19755899744
5.1981726857
5.21137312033
5.22304486002
5.2268538665
5.21851594187
5.22949161855
5.21794986826
5.21581831382
5.21357370903
5.22211716187
5.21385248013
5.21482112929
5.22133627793
5.21988855904
5.22344601589
5.2224186579
5.21997985299
5.21273344829
5.19781919509
5.20348678374
5.20791289892
5.23299938765
5.20915512586
5.21583272833
5.20504671536
5.21473371599
5.21273824799
5.19882420964
5.21195084971
5.21352222931
5.2063538234
5.22390624171
5.20463177476
5.21330446932
5.2185782537
5.19316948698
5.20435403233
5.2054696783
5.21938441752
5.21525877691
5.21665422646
5.21164710064
5.22876157522
5.21753423285
5.21375425873
5.20767861613
5.21051240628
5.22003685667
5.21643178437
5.22379307135
5.21480819097
5.21926746629
5.20099995332
5.20634886168
5.20385429973
5.20405190925
5.21174902735
5.22157168418
5.22413203264
5.21671189279
5.21078508655
5.21376281069
5.22625391198
5.19880406787
5.21487097977
5.22519683236
5.21315704198
5.20068366821
5.1945785055
5.20912800948
5.21921814213
5.2199369713
5.2135490851
5.20654295995
5.21114895966
5.21180679681
5.21812590625
5.21805794523
5.21935483809
5.20101530637
5.21420423085
5.21392843876
5.21562785443
5.21730689059
5.21121300445
5.2192020253
5.20893693272
5.21067256586
5.20689573316
5.21246000196
5.20946905975
5.22104884676
5.22832454829
5.2161016023
5.2129790617
5.20777828741
5.22049680851
5.21722535725
5.2092437384
5.20337314234
5.20613843478
5.21009471441
5.19944582238
5.20095169102
5.19636058847
5.20683273133
5.21538095528
5.21212216807
5.20980637652
5.21484831493
5.21406271868
5.20464585509
5.21475706685
5.20491538961
5.22659630566
5.21508125624
5.21540930617
5.21961229049
5.21104774189
5.21845982042
5.21294176032
5.20107057011
5.22438203756
5.20810924762
5.20143816382
5.20659823898
5.2181497149
5.22326577575
5.19434547536
5.21523285466
5.22168113997
5.21873550416
5.21854754678
5.20840992258
5.21243534154
5.20746820587
5.21208063847
5.21482631633
5.21271333909
5.21051542938
5.20990183503
5.21832284829
5.21791650672
5.21755600629
5.19862734388
5.19739833118
5.20529957103
5.21583492106
5.21761054246
5.22080740393
5.21051800434
5.21357058857
5.22238098529
5.2139676452
5.2074717671
5.20995425909
5.20360864115
5.21660954062
5.21510695232
5.21678152385
5.1987855913
5.21050371153
5.20661082286
5.21360783923
5.21447598323
5.21583482851
5.22362093953
5.22085310146
5.21616045626
5.2030124068
5.20493264117
5.20526590507
5.21431279546
5.21325470921
5.20198552532
5.19501649388
5.21198135904
5.2076770842
5.21590691748
5.21864929134
5.2196173201
5.20637209753
5.2047996344
5.20338004724
5.22153527169
5.21308715157
5.21361083726
5.20654793433
5.20616454384
5.21605656778
5.21451342356
5.22180170678
5.21646069857
5.21057444225
5.2248834215
5.2229514917
5.22339346789
5.2140790106
5.20348880876
5.21646929333
5.19748223604
5.20579926875
5.21168228961
5.21440865592
5.21304218325
5.19975213602
5.20786044503
5.21857502107
5.20994472852
5.20931578132
5.21186160687
5.21933758983
5.22148211773
5.21685716155
5.21278414464
5.21668915527
5.20949402104
5.21502522754
5.20461627403
5.20953983485
5.21825969486
5.21306601051
5.21836973373
5.2233967733
5.22197769353
5.20795994318
5.20511040334
5.21543349906
5.19831358575
5.2040580702
5.20512136246
5.2063956697
5.20155900579
5.2130148273
5.21333023103
5.22157398275
5.20131561218
5.22140244467
5.22691605471
5.22088288855
5.20763396298
5.20338135162
5.21383350226
5.21372405583
5.21320506085
5.21861893767
5.22256477643
5.20253339391
5.20906818056
5.22056798776
5.21290932597
5.20694185957
5.19655856724
5.20201392575
5.20877695246
5.20828101232
5.22029294096
5.21605011061
5.22474832029
5.21859437653
5.21790150485
5.21856575812
5.20608699773
5.21926850626
5.21551768483
5.20071790321
5.20548711241
5.21147931796
5.20344251824
5.21798471686
5.21478919243
5.2293857851
5.22333403613
5.22114107686
5.21788951755
5.2077954078
5.2065915865
5.21079831157
5.22122489653
5.21376859969
5.21502110044
5.21392803661
5.20349197584
5.22231573174
5.21375169034
5.2263488507
5.2178751851
5.20431384953
5.20839683122
5.2084392107
5.2170614549
5.2155816905
5.21060279913
5.20385032881
5.21157231095
5.20822323318
5.20193677912
5.21705085313
5.21780296893
5.2143186645
5.2160201001
5.19930028337
5.21962972426
5.21906725746
5.21515148137
5.20958344093
5.21482351678
5.21602596758
5.20882891549
5.21963979781
5.2170618181
5.20578526463
5.21775614099
5.20685189322
5.21726005588
5.22725972061
5.21441336263
5.21251744767
5.21512576885
5.21402549886
5.21461068632
5.21077244975
5.21171002276
5.21916499743
5.1977851042
5.20823817464
5.21365548737
5.20925067383
5.2128212878
5.22399904891
5.22634798215
5.22082516766
5.2191322708
5.19862639686
5.19971551175
5.2005464033
5.21318988225
5.21791630733
5.23581881722
5.21657461939
5.20579786558
5.20836733455
5.21346845305
5.20010193497
5.21186713409
5.22428539673
5.22287148544
5.21425969809
5.20319671829
5.20700863228
5.21849780784
5.21357405021
5.21304312693
5.20380664075
5.21669160801
5.21775568931
5.2056779078
5.21343390843
5.20981064938
5.21480718061
5.21159049103
5.21519204086
5.23383401879
5.23363386802
5.21645264619
5.20954639783
5.21749082654
5.20514621278
5.20146883806
5.20719633989
5.21810080894
5.21891438617
5.21262930128
5.20563497033
5.21193023354
5.21479270657
5.21241147545
5.22065683917
5.20941268672
5.20044956457
5.2182866654
5.21494854017
5.21099636757
5.21608432833
5.21583367408
5.23187578228
5.23404367578
5.20812291694
5.19831292037
5.19986261795
5.20657487616
5.21943567766
5.20914911417
5.21171978424
5.21173612087
5.22821932984
5.20733630121
5.20743173651
5.21406981023
5.22465989425
5.20865243517
5.21363596355
5.21511343008
5.21334863625
5.20472830394
5.19551900282
5.20547839302
5.2143813091
5.22790603256
5.23438076427
5.20831232557
5.22254038793
5.20538832511
5.2131468143
5.22655648161
5.22467591915
5.22260040623
5.20780782571
5.21971995381
5.20992628056
5.21108597513
5.21988800228
5.21436151908
5.21242197484
5.2095694187
5.21110212915
5.21564736961
5.22318160072
5.21674881643
5.21283501433
5.20465743476
5.21213604665
