5.2761458063
5.24779927051
5.24219999751
5.23844453857
5.23932337079
5.22675155985
5.21813433583
5.21037459303
5.20274435556
5.20575847443
5.21820259212
5.21987911395
5.20525685574
5.20539022848
5.19678241943
5.18180996711
5.20169311156
5.231660348
5.22981797729
5.20807368494
5.21325643706
5.20600690814
5.18318914467
5.21532381134
5.24516229732
5.24690669036
5.21722172218
5.22836983189
5.21752949175
5.18887462546
5.22009134195
5.26668395905
5.2648109645
5.22851202828
5.23775330121
5.22958791787
5.19053649026
5.21650731697
5.28028181653
5.27393291207
5.23636302032
5.24361218923
5.23367314409
5.1950896874
5.21819500089
5.27861110782
5.27777298335
5.2408055707
5.24390502513
5.23730128468
5.19677288902
5.21424754495
5.28273787002
5.27913732136
5.24186462456
5.24451369142
5.24380728664
5.19852425526
5.21768538976
5.2854163166
5.28145633005
5.24378540334
5.24164446465
5.2321114424
5.1990283516
5.21515308678
5.28380154143
5.28073772597
5.23970157992
5.24091669547
5.23832657416
5.19247786136
5.21111887563
5.28425294772
5.28236978325
5.23906713572
5.23895907697
5.2344183692
5.1963377027
5.20945174422
5.27984809133
5.27577143936
5.24227588724
5.24025790938
5.23011279338
5.19187642613
5.20798356421
5.28038935163
5.27277076361
5.24057192869
5.24130833356
5.23740304684
5.19730336478
5.21404306571
5.28434601794
5.27423515311
5.2398426548
5.237500924
5.23230063023
5.19708540515
5.21131000878
5.2807694938
5.26997825886
5.23912290973
5.23816537061
5.24045490355
5.19644097971
5.21044872166
5.27101585325
5.27121658216
5.2362772093
5.2378768629
5.23209271969
5.19883406088
5.21498791765
5.27761224278
5.27107462184
5.2359930471
5.23444747379
5.23765831892
5.19862829569
5.2135653762
5.27702025238
5.26913137002
5.2368886871
5.24118816411
5.23857033877
5.19916296852
5.2135289688
5.27792976795
5.27212894643
5.23733635803
5.23854277776
5.23681340179
5.19663778294
5.2146822169
5.2835894699
5.26826987341
5.23313376744
5.23255099894
5.23446015142
5.19696127367
5.21609284697
5.27422053987
5.26673981028
5.23931708106
5.23308379597
5.2306398449
5.19352893493
5.21392883306
5.27088680168
5.26603073351
5.23622061575
5.23031975575
5.23265216806
5.19917555117
5.21221392718
5.27552447556
5.26744195602
5.23279991909
5.23707002487
5.22761005982
5.19693355468
5.21607366495
5.27380560916
5.27209506789
5.23823421822
5.23500639119
5.22902692043
5.19724341453
5.21456539896
5.27230358098
5.26706437675
5.23417061741
5.23207760922
5.23397776823
5.19552425739
5.21304178774
5.27352129571
5.27279631656
5.23399060713
5.23755411128
5.22484855838
5.1971099535
5.21425004413
5.27466469354
5.26703835249
5.23400695978
5.23686034833
5.23226733529
5.19597562815
5.2141491882
5.27455989098
5.26788360751
5.2301002254
5.23474108995
5.23314378528
5.19796262242
5.21640677027
5.27421984054
5.26390004432
5.23173378408
5.23092648993
5.23580924208
5.19923505967
5.21726495927
5.28240336932
5.26871210092
5.23174199662
5.23349336341
5.22874978172
5.19768849355
5.21387900548
5.28022034182
5.2658807665
5.23559041121
5.23059234061
5.23014250941
5.19699550396
5.21531902402
5.2729541156
5.26339736938
5.23023507753
5.22969416423
5.23289591859
5.19571354503
5.2137584482
5.27094552828
5.2640329191
5.22626529395
5.22969259999
5.22983377194
5.19418738422
5.21181101803
5.26970341998
5.26702772451
5.2315285256
5.22670921971
5.23271468072
5.19455655789
5.20774867095
5.2690361473
5.26489877027
5.23453185469
5.23366899492
5.22698782142
5.19401141858
5.20933526917
5.2721132195
5.26511209336
5.22831189079
5.22958816485
5.22144260486
5.19075330412
5.20307788167
5.25939967931
5.25785571922
5.22761044694
5.2271213386
5.22479082916
5.19321157873
5.20725516857
5.27181331378
5.25961502583
5.22775151657
5.23081164274
5.21553484443
5.19439220506
5.2144226143
5.27286931206
5.2675233496
5.23154578963
5.23020901685
5.22278553569
5.19381263387
5.21069225511
5.27757122827
5.26492541141
5.23036885884
5.22795664901
5.22663873757
5.19150329509
5.2112321389
5.27720319467
5.27065684701
5.23149903739
5.23201877949
5.22453980433
5.18955137415
5.20605954548
5.27867187718
5.26235472622
5.23348227933
5.23160569971
5.2174827153
5.19127076324
5.20799258159
5.27253135559
5.26210121796
5.23585812121
5.23097591826
5.22781656095
5.19108540534
5.20695733727
5.27336776109
5.26747900958
5.23202420825
5.23005692969
5.22732238943
5.19345974664
5.21200809966
5.26944340327
5.26051933449
5.22885649615
5.23185610788
5.22470719468
5.19264616754
5.2125279578
5.27016535526
5.25648593832
5.22776401005
5.22868149391
5.22566776207
5.19218529115
5.20956599254
5.27961180935
5.26507824206
5.23039236489
5.22869196294
5.22411730391
5.19212692587
5.20689817436
5.27701817994
5.25766369974
5.22743649829
5.22919285641
5.22390517127
5.19299078711
5.21122306845
5.27250899741
5.26154080149
5.22639644703
5.22722256384
5.2260619569
5.18911492055
5.21381842756
5.27441960439
5.26829337718
5.2299628163
5.23106498365
5.22292989428
5.1903662567
5.20825275502
5.2761966727
5.2618426108
5.23398643199
5.22848969031
5.22242154072
5.18906569586
5.20773520375
5.27159042114
5.26687584336
5.22830979526
5.22715824032
5.22312333643
5.18838079655
5.20704662344
5.27167661519
5.26154879587
5.22451103568
5.22451565192
5.22854626505
5.1895948767
5.2070373696
5.27124389983
5.25921219395
5.22710944018
5.22981460387
5.22743642786
5.19232299821
5.2061375898
5.26936636397
5.25868127062
5.23054097119
5.22568767774
5.22417316518
5.18976017879
5.21308952192
5.27564818605
5.25967380364
5.2251764616
5.22867709608
5.22939371677
5.19001944328
5.21332190512
5.27588579431
5.25855045401
5.22712214802
5.22980742007
5.22797935544
5.19307283976
5.21173657537
5.27593249974
5.26327791472
5.22666032637
5.22921567852
5.22486848081
5.18988107654
5.20932393188
5.27674572702
5.25395321168
5.22583821049
5.23016418443
5.22149308227
5.19013527057
5.21343204675
5.27912966579
5.26913114871
5.22727698709
5.22816429163
5.21657273122
5.19275543895
5.2137941497
5.28032670161
5.26562609344
5.23040448254
5.22514954722
5.2209386617
5.19564877258
5.21197425429
5.28730093678
5.2674079262
5.22742746694
5.22686449725
5.22179336709
5.19247514531
5.20868432279
5.27703235399
5.25754278796
5.22711793991
5.22329012018
5.21749948683
5.1841612171
5.20689317257
5.27993405745
5.26449109078
5.22802022478
5.22500975358
5.22148450285
5.19208623796
5.2095341402
5.28116252658
5.2679335094
5.22919103818
5.23245241552
5.22032267935
5.19052924499
5.20956843512
5.275776742
5.26480241382
5.22668276343
5.22073496316
5.22099192057
5.19079531082
5.21088064826
5.27868182198
5.25616512753
5.22879063815
5.23037366134
5.2261743098
5.19326904801
5.21084725453
5.28726704825
5.26348171573
5.22787206488
5.22907037381
5.22601245455
5.18822733276
5.20646892367
5.27150116375
5.25772201463
5.22552416475
5.22515168578
5.22823618064
5.19316119587
5.21291676809
5.27615866594
5.26272381675
5.22592811001
5.22832955717
5.22659767794
5.19025140906
5.21080318018
5.277147896
5.26080371273
5.22442709906
5.22648032129
5.22338174263
5.19282796388
5.21137674146
5.28162896246
5.2619622605
5.22906285024
5.22678763877
5.2239066747
5.19054710213
5.20829714741
5.27903018653
5.26420775008
5.22348079469
5.22235713147
5.22042321026
5.19041671541
5.21116322825
5.27908866185
5.26402667778
5.22127412438
5.22430168331
5.21797014745
5.19230843463
5.21339700656
5.2826399268
5.26221994994
5.2224042215
5.22516633304
5.21886439243
5.19273932022
5.20886656213
5.28041213045
5.26658734973
5.22471491373
5.22897400083
5.2182082159
5.18950394713
5.21351067488
5.28571246048
5.26475564064
5.22326564905
5.22342296522
5.22659938801
5.18917548453
5.20970993253
5.28040356168
5.26332808427
5.22668352751
5.22851964437
5.21907334708
5.19057901669
5.21039586537
5.2786978758
5.26172310843
5.22156551783
5.22388466492
5.21330470686
5.18911681298
5.20925370921
5.28293480457
5.26415592066
5.22919133623
5.22739207585
5.21767734721
5.19176840126
5.20872503378
5.27759419673
5.26270121509
5.22348060512
5.22680919335
5.22133985995
5.19075087985
5.21126966072
5.2714408428
5.25948085958
5.22625898782
5.23390240972
5.22363925916
5.19108159045
5.2121405736
5.28756773303
5.26483627389
5.23009673688
5.23373975538
5.22463427903
5.19424329001
5.21076687207
5.27436133414
5.25806236491
5.23022469725
5.22724636819
5.21690067335
5.19487218472
5.21566359289
5.28849922717
5.26558700498
5.22567989467
5.22871580274
5.21676896645
5.18942845571
5.20885068175
5.27797424637
5.26098394429
5.22222238647
5.23476714005
5.22918517304
5.19098726004
5.21253671397
5.27526873077
5.2605340952
5.22438254534
5.22990728776
5.22342001479
5.19332430286
5.21170953465
5.2854431651
5.25594966596
5.23502055009
5.23238029718
5.22918167141
5.19071074722
5.21070206222
5.27753557043
5.26035051688
5.22660661167
5.22700559448
5.22280733545
5.19162535791
5.21291365066
5.28031011157
5.25957276308
5.22725420838
5.22661654616
5.21703486018
5.1914647314
5.20953464577
5.27626166807
5.25871107761
5.22350063113
5.22868235452
5.22134675935
5.18893491626
5.21374221376
5.27604476175
5.25461702956
5.22308263962
5.22899276414
5.2216245215
5.19154008
5.21362293883
5.28211643487
5.25845843351
5.22533934492
5.22184688198
5.22193678178
5.18881958625
5.20984636343
5.28000930564
5.26011000539
5.22193627258
5.22731094839
5.22500580642
5.18881554911
5.20640695684
5.27850185755
5.25675732672
5.22397617023
5.2317802562
5.21712357689
5.18804835472
5.2122241339
5.27820515106
5.25902676844
5.22395852219
5.23001324663
5.22517112943
5.19203096661
5.21052783234
5.2809828988
5.26151593863
5.22421510272
5.22707493193
5.22037936667
5.19259561692
5.20988761952
5.2832028828
5.25502645445
5.23027246528
5.23067423016
5.21882138177
5.19747604614
5.21419792747
5.27563003849
5.25529386033
5.22623261294
5.22794090587
5.22475533023
5.19268186773
5.21372001729
5.28946763169
5.26566087277
5.2271099202
5.22696149286
5.22150366517
5.19076850373
5.21013454541
5.279473103
5.26483039627
5.22656464851
5.22720815847
5.22687039731
5.1964143187
5.21662531472
5.28384289194
5.25929598107
5.22787770427
5.23127110102
5.22486893418
5.1945884022
5.21490670858
5.27570770479
5.25949461491
5.22177079588
5.23034876323
5.2257418281
5.19354490827
5.21021731539
5.28402968221
5.26079573673
5.22196607665
5.22621989723
5.22417261575
5.18941945757
5.20726122277
5.28598855755
5.26116312508
5.22567374026
5.22732760325
5.22182423249
5.19343399595
5.21591034415
5.2821574409
5.26156102503
5.22687449602
5.22390350152
5.22005275193
5.19279445784
5.21039501597
5.27912110691
5.26419782608
5.22143537907
5.22610715313
5.22025239798
5.19356341827
5.21327800959
5.28038412603
5.26170830999
5.22533683067
5.22664092116
5.21942859623
5.19034841194
5.21028610857
5.27597000763
5.25745343375
5.22730494448
5.23052785092
5.22006479297
5.1927323496
5.20854423895
5.275760604
5.25655657433
5.22196662152
5.22394918138
5.22190473995
5.1903818201
5.21078783635
5.27877971675
5.26457395592
5.22573644384
5.2260549976
5.22092463436
5.1917668611
5.2123989729
5.28419226227
5.25656921533
5.22208144055
5.22411875061
5.221706202
5.19032712537
5.21001668516
5.27632785014
5.25422806228
5.22182679209
5.22757262595
5.21889587683
5.19275257193
5.20878452168
5.28076934298
5.2559595956
5.22502856777
5.2266936475
5.22188738056
5.19265112377
5.20981409573
5.2818871898
5.26038477325
5.22307140663
5.22252306862
5.21550244611
5.19165841131
5.21341683029
5.2781155991
5.25806362517
5.22825321028
5.22573300794
5.22267006344
5.19871904567
5.21747309471
5.28239378742
5.26226946231
5.23054748247
5.22674636092
5.22631870406
5.19272068908
5.21665154555
5.28077995734
5.258959159
5.22710661136
5.22995761531
5.21994619052
5.19198224122
5.21710442388
5.2790247464
5.2589036039
5.22015416465
5.23251032319
5.22079338126
5.19567181849
5.21144626526
5.28085797233
5.26078936199
5.2248061538
5.22582287937
5.2255293752
5.19085186045
5.21378475763
5.28152148911
5.26070669031
5.22357963599
5.2267565369
5.2156088527
5.19005998838
5.21225645607
5.27761221303
5.25653005591
5.22469000663
5.22733324917
5.22051611861
5.18871235926
5.20888002755
5.28181509046
5.25570108579
5.22482040095
5.22673476334
5.21919280514
5.19059666977
5.2096721878
5.28168152199
5.25639545432
5.22182000209
5.22326711384
5.21605716757
5.19186513933
5.21291539063
5.28546523214
5.2547489169
5.22008830448
5.22612674754
5.22470161764
5.19457114466
5.21787254819
5.28495916526
5.25457292858
5.2227244747
5.22404822201
5.2195440349
5.19072828868
5.2134172724
5.28201386273
5.25243790593
5.2248185987
5.22264789233
5.22292268982
5.19011192396
5.20793862053
5.2780096399
5.25150080824
5.22362554444
5.2270473672
5.22441241067
5.19200167969
5.2127187987
5.28552935314
5.25462116371
5.21855834249
5.22713321
5.22026285824
5.18919144782
5.20761020586
5.27460507212
5.25453201776
5.22548834914
5.22662076786
5.22361447712
5.19251165845
5.21236174646
5.2856469409
5.25747860442
5.22434162641
5.22381144389
5.21769042191
5.19443589476
5.21380572849
5.28193069314
5.24951474723
5.22682749816
5.22915572098
5.22132310951
5.19140635922
5.21245357126
5.28850646341
5.2595588042
5.22417038687
5.22621196552
5.22150282291
5.19397793339
5.21851056501
5.28395345867
5.25442730652
5.22104443398
5.22729229339
5.22550340764
5.19233623493
5.21156386536
5.28778130323
5.25435086642
5.22813807065
5.22730057827
5.22285034689
5.19386572892
5.21405257682
5.28991983143
5.25911201258
5.22475668963
5.22654698994
5.22100669106
5.18992708698
5.21253554692
5.29399365901
5.25811536347
5.22186737097
5.2248203822
5.228061218
5.19539968301
5.21771811247
5.28349818603
5.25632798562
5.2193913414
5.22041906826
5.22261274115
5.19639535058
5.21248033773
5.28528535811
5.26088286742
5.21695066431
5.22375874578
5.22357577335
5.19435846676
5.21591460433
5.27875801686
5.25255215154
5.2218766218
5.22707454397
5.21803391589
5.193161799
5.21240386759
5.28734222207
5.25427706789
5.22344838112
5.22471964458
5.22691317004
5.19583011105
5.21934689807
5.29350551679
5.25763337568
5.23316199366
5.22706974708
5.22848872
5.19629639356
5.21633908213
5.28877791757
5.25548640468
5.22275828993
5.22502708811
5.22299414992
5.19866501101
5.21666494348
5.28189568949
5.25159018504
5.22312012488
5.22486264325
5.21965871498
5.19545943818
5.21318257701
5.28180753695
5.25274381443
5.22402533924
5.22622404311
5.21602919586
5.1973470385
5.22066568877
5.2878152815
5.25594849214
5.21844035095
5.22569922889
5.22104924908
5.19524216735
5.21892576325
5.27976518579
5.25161803009
5.22812093026
5.23024547088
5.22565223949
5.19880167977
5.21975411583
5.28631861753
5.2551374572
5.22345515533
5.22760778296
5.2208236633
5.19513062251
5.2181900917
5.28755889268
5.2509258641
5.22382310421
5.2257558989
5.22288021631
5.19701505381
5.22435911617
5.2909293779
5.24455017174
5.22079348914
5.22489361949
5.21901546303
5.1965741562
5.21972697965
5.29015473998
5.25335197965
5.22248354539
5.22211234014
5.2304089725
5.19747640811
5.22222831439
5.29436734519
5.25153101811
5.22113697702
5.22060572306
5.21631587696
5.19481761945
5.21914886654
5.2818535346
5.25341701663
5.22245522129
5.22165452577
5.21886383168
5.19518875844
5.21815834897
5.29472470913
5.26113852326
5.21935412426
5.22115309329
5.21379006645
5.19429478704
5.21810929495
5.29224873276
5.25812532809
5.22165338612
5.22154351545
5.2149430529
5.19778550072
5.21885399381
5.28816519847
5.25151895305
5.22200784706
5.22023606309
5.21553805646
5.19222140358
5.21511418806
5.2853522687
5.25419723333
5.22017989497
5.22177502204
5.21474867794
5.19258520284
5.21792873215
5.29001062071
5.25200904644
5.22012642356
5.22651592895
5.21583923234
5.19566654269
5.21420801567
5.28681660334
5.25236485332
5.22356248679
5.22603494206
5.20473609707
5.1937847227
5.22220472528
5.29531359631
5.25600195295
5.21855257829
5.22538377293
5.216695164
5.19388052515
5.21987240619
5.28782579858
5.2567637756
5.21932142952
5.22107549926
5.21185359636
5.19084318601
5.21656576114
5.29246785014
5.25891041543
5.21830136151
5.22061765615
5.2179529558
5.19447299415
5.21666037261
5.28231925892
5.2642601767
5.21726187243
5.22026519974
5.21571380251
5.19472963745
5.21007932796
5.28599195563
5.25309434779
5.22629529321
5.21899697135
5.21619548179
5.19210530696
5.2119768664
5.2855952213
5.25742540771
5.22664641908
5.22437808202
5.21923921191
5.19219232752
5.21369198529
5.2825944139
5.24966877882
5.22513545902
5.2233413188
5.21714591777
5.19658897682
5.21424842081
5.29127586204
5.26161018023
5.22738016333
5.22751613909
5.21874318877
5.19804871295
5.21385477925
5.28556195347
5.25280454448
5.22239228414
5.2260341852
5.22342499359
5.19444332804
5.22129931916
5.29414630452
5.25529506088
5.22161111968
5.22519245364
5.22357633207
5.19153914745
5.21143645058
5.28684177008
5.25771768969
5.22474857487
5.22261975109
5.22198716805
5.19512402176
5.2183155313
5.29072545115
5.24811605883
5.22100121177
5.22175332308
5.20918514023
5.1918178081
5.21157611124
5.2856485237
5.25397230909
5.22458779871
5.22205895761
5.22030017024
5.18923044944
5.21299017548
5.28764859617
5.25224271351
5.22087245741
5.22221978139
5.2189889938
5.19436717269
5.2210258985
5.29593995508
5.2460822671
5.22608582988
5.22117844504
5.21492405598
5.19287467667
5.20974895157
5.28456734089
5.24670585036
5.22023628225
5.21847939386
5.21620109699
5.195200581
5.21476823007
5.28283498429
5.25588853973
5.22791460205
5.22161915679
5.21532834561
5.19022806758
5.21456162092
5.29738265947
5.253384276
5.22013778306
5.219421263
5.21391880551
5.18722952786
5.2097223986
5.29717492417
5.25356779398
5.22170867664
5.22113283328
5.22022924511
5.18954157493
5.21010037094
5.282886884
5.25750617983
5.2245937613
5.22106074373
5.22146631395
5.1911682105
5.21038927056
5.29017058889
5.25356030416
5.2230568055
5.22247131586
5.21440580146
5.19106120727
5.21202933676
5.28735026235
5.2616063415
5.2227165928
5.22257451182
5.21798725228
5.19338179996
5.21465909229
5.29352494445
5.25260885104
5.22322703256
5.22570758575
5.21948612355
5.19395427791
5.21431610633
5.29888949986
5.25920437109
5.22397436431
5.22182232093
5.21724906607
5.18911763007
5.20957271178
5.28439728641
5.25444397349
5.22487753556
5.22225685064
5.2165765082
5.19402622256
5.21241561327
5.28667537508
5.25025736544
5.22556330303
5.22429576084
5.21561824573
