45.5769381141
45.0635062356
45.0670558059
45.2377588461
45.2862323551
45.1269537945
44.9736484042
44.8358804674
44.3261859775
44.459871431
45.1194849875
45.2196768683
44.6568038776
44.6043399285
44.1896611263
43.5907223788
44.3413632993
45.3405555057
45.1290414934
44.203570371
44.2312016112
43.750021471
43.2426985579
44.351738809
45.0671852732
44.87735202
43.8514087266
43.9955690738
43.4713173991
43.0130821593
44.057970236
45.1478975948
44.8116429904
43.6537749281
43.8018939104
43.4160079812
42.7631567051
43.6444247864
45.1763922856
44.6846915682
43.5828145793
43.6854896028
43.2446930859
42.716229597
43.5011193842
44.9136032966
44.5642240696
43.5291670846
43.5278776175
43.2298765881
42.6206903787
43.2608829765
44.8699953588
44.4512723372
43.428584785
43.4161098503
43.2536636784
42.5904842836
43.2761189901
44.8364351298
44.4132618255
43.3884632381
43.2614111525
43.0053921577
42.5411643026
43.1370985794
44.7320941314
44.3314819992
43.2476256844
43.2047992628
42.9950288699
42.315787059
43.0086479909
44.7007924883
44.3183402832
43.2425888744
43.1399882216
42.9302433894
42.4047258397
42.9083078727
44.545776561
44.1140391938
43.2188691467
43.1236460497
42.9009704978
42.2669256595
42.8482389014
44.5340255248
44.0103790753
43.1989471903
43.1367734979
42.9148091027
42.4060920645
43.0002264758
44.6127073264
44.0009377994
43.0710945311
42.9764938672
42.8991549409
42.3812759201
42.9093703754
44.4920130297
43.861842593
43.0940676901
43.0009188834
42.9381409081
42.3409048897
42.8737724453
44.2514346645
43.8931357079
43.008820096
42.9580683094
42.7425126862
42.3836669204
42.973961038
44.3728689915
43.8587046918
43.0161957785
42.8591048559
42.8433814094
42.3625156969
42.9256545332
44.3366897657
43.810329202
42.9379304616
43.0176139574
42.906496717
42.3705161281
42.9468310322
44.363189095
43.8749412145
42.9843714762
42.9375275166
42.7827446815
42.2975708009
42.9642648614
44.5076081649
43.7805108842
42.8626809687
42.762852943
42.8127633079
42.2862713962
42.9865800064
44.2601043813
43.6937349399
42.9802743398
42.7829362166
42.6351913539
42.205173058
42.9132737144
44.1894906489
43.69146216
42.8888466038
42.7636543969
42.6987332465
42.3730864952
42.8462321447
44.2916214287
43.7114041268
42.814788074
42.890623977
42.7408621022
42.2733658876
42.9758596312
44.2693510402
43.8042525403
42.9474056498
42.8296285231
42.6971648277
42.2723038499
42.9087976659
44.2164786558
43.7003827182
42.819932613
42.8163360301
42.654666362
42.2227064667
42.860991351
44.2809116161
43.8452902744
42.8524674579
42.9075351922
42.6633138113
42.286032372
42.9163486908
44.2874638167
43.697032628
42.7639347487
42.8587814227
42.6352149506
42.2097660453
42.8925963129
44.2538526795
43.7074642937
42.6700324031
42.793544917
42.6308841535
42.3147058692
42.9576434699
44.2278914832
43.5943303694
42.7230677047
42.6989976132
42.7313484031
42.3297721124
42.9977713208
44.4522396292
43.709050898
42.7248103433
42.7316855149
42.6730691152
42.2891363842
42.867834075
44.3685809783
43.631165717
42.8567177004
42.695571612
42.5926416847
42.2433732036
42.9309756492
44.2081782237
43.5707261371
42.6832098492
42.6718962119
42.6145899036
42.2172643065
42.8668920144
44.1528611343
43.580327885
42.6206948861
42.6648579849
42.5852356192
42.1751509315
42.8102255096
44.0939755958
43.6677139188
42.7001949179
42.5750602195
42.6183573198
42.1528895223
42.7066383588
44.0750373801
43.5889460909
42.7991418112
42.7589048476
42.4513427607
42.1527014674
42.7315460781
44.1407165637
43.614863166
42.6450485665
42.6277524554
42.3624694751
42.0599163373
42.5401288142
43.8187895268
43.4200590548
42.5774836661
42.5658957953
42.380217136
42.1227323908
42.6617256252
44.1306570091
43.4443403855
42.6411496552
42.6697131103
42.4682561738
42.1501118129
42.8731891808
44.1422069525
43.650506996
42.7341918893
42.6684813185
42.3883790528
42.1255325675
42.7591999481
44.2748705875
43.5862906015
42.7097687582
42.6079380257
42.4489213887
42.0415113362
42.7660368756
44.2585698402
43.7085095636
42.666342048
42.6812090481
42.4368401195
42.024942174
42.6268858451
44.3016054714
43.5107663324
42.7070961286
42.6921107817
42.38204442
42.0631472492
42.6797202602
44.124772665
43.4811776078
42.7795980578
42.6819752287
42.4677084483
42.0500413861
42.6731084417
44.1702505432
43.6419469805
42.677280755
42.6357124457
42.4567612853
42.1197878168
42.7896323194
44.0667974209
43.4479631757
42.6178361038
42.6609073495
42.4116655666
42.0689352159
42.8009042467
44.045302485
43.3532024047
42.5986472944
42.5810555252
42.3833721215
42.0670669958
42.7326210808
44.3320573672
43.5633156545
42.6437460817
42.5820158106
42.3682837095
42.0512499552
42.6367611821
44.2329258334
43.3502378844
42.5655416243
42.5879973373
42.3417269491
42.1025534028
42.7636782003
44.1084045355
43.4487126883
42.5337703513
42.5266632447
42.4356791578
41.9800034504
42.8496216885
44.184380517
43.644420382
42.6437421556
42.6484873274
42.3470159628
42.019977702
42.679856592
44.2017916226
43.463828519
42.7138360138
42.5755217551
42.26690975
41.9523591876
42.6459693769
44.0787174343
43.5698617258
42.5954059356
42.5670941545
42.2972602955
41.9520856161
42.6497238104
44.0933146462
43.4692232541
42.5279111595
42.506080278
42.470111327
41.9907919668
42.6458237914
44.0844499505
43.4044649671
42.5437164884
42.6062128106
42.4385014239
42.0659016751
42.6238199772
44.030957269
43.3841587804
42.6500867092
42.5061837395
42.3153894311
41.9829378017
42.8133636999
44.1832888185
43.3962674156
42.5363678301
42.5536100765
42.4443424219
41.991476376
42.8221733995
44.1724553683
43.3414359009
42.5131317726
42.6103844842
42.3907802224
42.0902176453
42.7845174581
44.2098183188
43.4810060275
42.5209606825
42.5877645071
42.3622537137
42.0151928608
42.7169495546
44.2256992499
43.2476164716
42.5067990052
42.6526921442
42.2937472128
41.9999717356
42.8256666446
44.3064733031
43.6466500835
42.5679272998
42.5586797663
42.2342832109
42.0478793025
42.8184486536
44.2900912749
43.5218591446
42.5895602608
42.4591596742
42.275794946
42.1297013173
42.7662348355
44.4788631322
43.5701762114
42.5092014203
42.5037828919
42.229761099
42.04006277
42.6704396319
44.2028344318
43.3248789463
42.5129021489
42.4258918371
42.1504951401
41.7918932442
42.6352946767
44.287870976
43.4856945301
42.5385423724
42.4731050445
42.3862999489
42.0103367819
42.6793067751
44.2830372438
43.559555754
42.5460010012
42.6308905594
42.2230742606
41.9747215878
42.6821116729
44.1446625772
43.4897751985
42.4976607496
42.3503465872
42.2789811721
41.993847589
42.7211292631
44.2234539064
43.2690354413
42.5619642014
42.5766766834
42.3345369397
42.0499563255
42.7095547756
44.4843107699
43.4604928554
42.528977809
42.5526459207
42.3781777833
41.9427328793
42.5775482128
44.0688458148
43.325033515
42.5076674903
42.4675083003
42.4486417131
42.0640078661
42.7988209685
44.1586714547
43.4403546858
42.5385165515
42.5535097887
42.4288905322
41.9911275587
42.7226590173
44.200090251
43.3836425522
42.4392016836
42.4793782987
42.3483081209
42.0502846886
42.7229498254
44.3002732389
43.4146441999
42.5328993406
42.4694123591
42.2530490934
41.971489108
42.6423952233
44.2385899639
43.478111222
42.4423473797
42.3605138755
42.1767142247
41.9662449582
42.7283393557
44.2300780869
43.4714139585
42.3360763592
42.4437085886
42.1885788644
42.008329627
42.7924226742
44.3383671364
43.4149654761
42.3858650397
42.4428370359
42.2410486378
42.044851504
42.6770066748
44.251148347
43.5309138925
42.4581573202
42.5407469648
42.2213790625
41.9284073094
42.7810077405
44.4023671479
43.4651958663
42.4044930778
42.4172621776
42.3711806704
41.9236870598
42.6766156291
44.260041834
43.4335392338
42.5154927378
42.5382311716
42.1365194459
41.994344941
42.6867686433
44.2069313122
43.3930083342
42.4270769011
42.41935644
42.0631987887
41.91810112
42.6706615005
44.3243901067
43.4838518857
42.5341800676
42.5451994132
42.1486126343
42.006105155
42.6460589144
44.1658588496
43.4191671991
42.4013443556
42.475792488
42.195908545
41.9963555513
42.7130149102
44.033099234
43.3173299587
42.5603379842
42.6648925263
42.2709779236
41.9715652964
42.7287506314
44.4433965346
43.4675735651
42.5848637252
42.6617152662
42.2694371629
42.0751050342
42.7084392686
44.0992264317
43.3017700798
42.569731176
42.4861687612
42.1436040274
42.0849237449
42.8424922139
44.4570972893
43.4986005306
42.4451826445
42.5199268284
42.1079835561
41.9335808389
42.6479596524
44.1967177557
43.3751726181
42.3662037177
42.6750281673
42.3801090308
41.9708863505
42.752934388
44.1222015737
43.3494490686
42.4725199736
42.5432451741
42.2909395792
42.0294621763
42.7280948345
44.4033772017
43.2283671833
42.7108622904
42.6194379013
42.39599772
41.9593835438
42.6869888721
44.1643047247
43.3490513389
42.4824282053
42.4681394812
42.2943835019
41.9924025891
42.7488808513
44.2394986228
43.3278480152
42.5155643155
42.4825755527
42.2154693615
41.9840838092
42.6563064855
44.1213670963
43.298431133
42.3867460484
42.50503207
42.2401027611
41.9528863331
42.7868442083
44.1285984777
43.1980073764
42.416158952
42.5483280668
42.2086353123
41.9765101589
42.7686117763
44.2713960789
43.3146998096
42.4247694946
42.3506900432
42.2274057673
41.9172288189
42.6637132941
44.2374363155
43.3364448365
42.3208858227
42.4868098401
42.2950803651
41.9125117675
42.5660840224
44.1777163353
43.2582346395
42.3855944504
42.5846943203
42.1607018226
41.9006831609
42.7322695082
44.1717620789
43.3114839062
42.3776019793
42.5554938128
42.3935499215
42.0155792402
42.6860299067
44.2459067257
43.3707035264
42.3982189917
42.4670263992
42.2114078919
42.0247076497
42.664039349
44.3098118092
43.1954044449
42.5568312441
42.565352481
42.334631451
42.1543583162
42.7931699028
44.1189461889
43.2285903979
42.4183543467
42.5078033471
42.461640479
42.0226917012
42.780912872
44.473485641
43.4929693782
42.5256646688
42.468457072
42.2380735287
41.9649573312
42.6628675875
44.1926608166
43.4620377622
42.4535150134
42.5112077143
42.3497870851
42.1251813421
42.8500219604
44.3333253273
43.3232280892
42.4785453463
42.5829220003
42.3107315018
42.0850553911
42.8034334488
44.1236027979
43.3082759363
42.3588528595
42.5442380857
42.2916840342
42.0437888914
42.6705894241
44.3267222235
43.3545835603
42.3538615638
42.4636754162
42.2539506982
41.9134541591
42.5911459518
44.3704451875
43.3555215081
42.4623917851
42.4546661143
42.2319406629
42.0320249949
42.8275036141
44.2754837045
43.3578239559
42.4503438896
42.4154211275
42.2157586816
42.0212523785
42.6947889702
44.1960308827
43.4366960493
42.3118218641
42.4478935787
42.2408058174
42.0286067686
42.7536952017
44.2281328838
43.378859828
42.4312002167
42.4566832173
42.1688375901
41.9593319408
42.6828276188
44.1033350463
43.2778316504
42.4786672912
42.5738221841
42.1973399087
42.0109697607
42.633386366
44.1200849571
43.2429373514
42.3153265139
42.3875084041
42.2292884146
41.9473722139
42.6880721881
44.1825604089
43.4408322196
42.4589131119
42.442617179
42.2145038441
41.9868490699
42.7286232739
44.3300118814
43.2428984847
42.3371327936
42.3882057531
42.2117457087
41.9446833285
42.6635008493
44.1265266061
43.1662879593
42.3147629756
42.4863983509
42.1545866484
42.0036156698
42.6331393288
44.2826844139
43.2151978785
42.4081270878
42.4916880807
42.2493216589
42.0014304555
42.6612237025
44.2638809951
43.324432887
42.3471491153
42.3735391553
42.0941116666
41.9816328219
42.7526646803
44.1461835426
43.2606855954
42.50332036
42.4456638954
42.2121917456
42.1886693794
42.8854084914
44.2875496397
43.3811076725
42.5607852251
42.4854038207
42.3737509371
42.0224189363
42.8663285303
44.249712149
43.3007251405
42.4540508969
42.5650135762
42.2338109327
41.9787686677
42.8892619309
44.1931866821
43.310427121
42.2610615865
42.6078311129
42.2241389164
42.095294654
42.7052227117
44.2635904797
43.3382544847
42.3924663456
42.4484295596
42.3327776573
41.9465377844
42.7769994922
44.2455032301
43.3468641397
42.3420244988
42.482825393
42.2518399301
41.9171371265
42.7218706901
44.1371933322
43.2253356054
42.3799644011
42.4897554832
42.1826689747
41.8916883743
42.6249622228
44.2706934619
43.2004043699
42.3930191078
42.4904337752
42.211086138
41.9403700478
42.6492218861
44.2503109913
43.2432466735
42.3131752526
42.4101869285
42.1369079416
41.9822134443
42.7476683707
44.3575899761
43.1759852766
42.291110004
42.4465747391
42.2686603757
42.0383484067
42.8811692566
44.3323389746
43.1500791191
42.3114805473
42.4080458574
42.3091164392
41.9573219388
42.7557682746
44.2458395971
43.1093471078
42.3961362022
42.3689213554
42.202942803
41.9227509717
42.5897457676
44.1584665907
43.083451071
42.3309704964
42.4707852077
42.3130537619
41.9886731723
42.7276192148
44.3317730633
43.1559913714
42.2389299573
42.4627229148
42.1544023295
41.8844699114
42.577102131
44.0437668753
43.1528967342
42.4009274763
42.4386446392
42.2525977379
41.9844518291
42.7146067943
44.3470730639
43.2209263315
42.3669088889
42.3576051962
42.1511031483
42.0253345217
42.7602704658
44.2329000499
43.0082764602
42.4360837542
42.4960754634
42.2007177955
41.9756094972
42.7181183606
44.4266032647
43.2977628266
42.3645661267
42.430641323
42.2194546896
42.0312404751
42.8897602434
44.2869564751
43.1618781213
42.2805696235
42.4450123077
42.2897480375
41.9797968278
42.6835926792
44.3837638401
43.1538941341
42.447239131
42.4385776825
42.2292262622
42.0163507143
42.7415429003
44.4239313827
43.2657513747
42.3614605532
42.4461745295
42.2133154503
41.9118548477
42.7184782148
44.5549750657
43.2462573275
42.2957008141
42.386849931
42.4071706761
42.0708942151
42.8717485473
44.2750545004
43.187747347
42.2124777952
42.3008343241
42.195830922
42.076043361
42.6915650286
44.3156492543
43.3033110858
42.2080193291
42.3497198489
42.2310113241
42.0271283251
42.791769893
44.1246074201
43.0774274278
42.3259142169
42.4118683957
42.0945253748
41.9975151363
42.6987198302
44.3752424663
43.1240965539
42.3510035714
42.3589634018
42.3125551311
42.0787302935
42.899144967
44.5280436153
43.2247517648
42.5793029482
42.4979203375
42.3353036239
42.0993708073
42.8100099694
44.4173210569
43.1635785819
42.326195486
42.3847479796
42.2093599394
42.1628373295
42.8268611192
44.2267823304
43.0700436364
42.3341604576
42.3869174584
42.2269761638
42.0665311888
42.7213387655
44.2242739546
43.0860442219
42.3518362083
42.4252094981
42.1137493042
42.1128114845
42.9466663202
44.3726288355
43.1686860113
42.1963938867
42.4044329222
42.1682776035
42.0970970308
42.8938076729
44.1621138854
43.0471575636
42.4531877022
42.5095653519
42.2909492671
42.1666837144
42.9116175563
44.3321169766
43.1481676528
42.3289909125
42.4311691738
42.2343292774
42.0308662891
42.8614592989
44.3612337292
43.0339443415
42.3021908037
42.3877725301
42.182383137
42.1061114679
43.029743452
44.4412625542
42.8666001059
42.2528612118
42.3654022348
42.1261952247
42.0879060116
42.9061575956
44.455590162
43.099435195
42.2829981015
42.2877367391
42.4311126955
42.1283825919
42.9748232994
44.5446986249
43.0574914348
42.2855101706
42.2921691646
42.0840880303
42.0343142207
42.8813721204
44.2112987648
43.1016927482
42.3402162018
42.2816141472
42.1140376518
42.0358259355
42.8509503536
44.5534498626
43.2980983449
42.2216579471
42.2940406958
42.0020383187
42.0575155875
42.8663874697
44.4897755476
43.2306374903
42.2735639626
42.2908824015
42.0459336654
42.1531331781
42.9079179253
44.3859376332
43.0830099168
42.3024088739
42.3073472266
42.0642930086
41.9777491462
42.7951694581
44.3300712349
43.1471847805
42.368222982
42.3199131553
42.0600656668
41.9934238792
42.8735308153
44.4471219264
43.0788077865
42.2275102074
42.4339448349
42.039465669
42.0733584591
42.7743500818
44.3807666856
43.0855495055
42.3205300376
42.4339409639
42.0670479191
42.0212623655
43.0034966007
44.589665144
43.1957375369
42.2453398945
42.4037335599
42.0629959069
42.0040325101
42.9212028338
44.3707726592
43.2036363862
42.25905936
42.3067621217
41.926811892
41.9246223106
42.819460468
44.4813006863
43.2630247266
42.1643957502
42.3211145464
42.0447019195
42.0175988172
42.8244343462
44.219576485
43.3891804988
42.1992340131
42.3150364097
42.1730269583
42.0403315668
42.6409604048
44.3356746981
43.1046634311
42.3991394403
42.2605239172
42.102935288
41.9767623721
42.685679293
44.3125000698
43.1986215425
42.3995968322
42.3618438696
42.1034751363
41.9657182794
42.7211338461
44.2274395477
42.9931296502
42.3738561889
42.3300768619
42.0524185334
42.0795616774
42.7395606652
44.4544659083
43.3029556733
42.426244307
42.446235417
42.1226403044
42.1299835389
42.7500435063
44.3290600981
43.12080874
42.3033789652
42.4038324492
42.2340771601
42.0376164439
42.9598079664
44.5490078925
43.1480196311
42.2752963918
42.3706306311
42.2781115346
41.9537976819
42.6799358271
44.3645692951
43.2193315164
42.3612196931
42.3367872763
42.2202588586
42.0383152545
42.8841553745
44.4551212116
42.9541153468
42.2714587214
42.2964544747
42.0390515785
41.9498152246
42.6783290556
44.3183270207
43.1081536055
42.3292746928
42.3274242315
42.1561585722
41.8710699066
42.7148585648
44.3663776072
43.0587751427
42.274251969
42.3320391449
42.105776979
42.0103265887
42.9438609376
44.5842680041
42.8928911502
42.3846316103
42.3152954175
42.0254210241
41.9705747398
42.6125399302
44.2860394425
42.9122441771
42.1965503221
42.1860544211
42.0997548615
42.0253549548
42.7508025077
44.2383923788
43.1556799205
42.4254198826
42.2742740375
42.025887134
41.9107490747
42.7449907468
44.5913955855
43.0761378786
42.2122019566
42.1926817542
42.0202755469
41.7919812723
42.6013749761
44.6041982138
43.0935310049
42.2573066324
42.2960329975
42.1498026207
41.8750460673
42.6304368084
44.2414877789
43.2034062031
42.3473665168
42.2900095481
42.1759407847
41.9554399515
42.6542855078
44.4282849873
43.086236076
42.2968332309
42.2868196302
42.0705906068
41.9461191131
42.6809349018
44.352759498
43.2956243883
42.3072271291
42.3074593668
42.1130955332
42.0287673857
42.7604096524
44.5178228454
43.0788656666
42.3519232745
42.4178278464
42.1167756074
42.0216867469
42.7557407627
44.6456151431
43.2489432995
42.3242108869
42.2970818997
42.1372286721
41.8618737764
42.602311613
44.2835421817
43.1187639917
42.3511293118
42.3190949813
42.0239723851
41.9984686817
42.6751407838
44.3156578484
43.0049813477
42.3741895515
42.3314577398
42.0249961343
