46.937585341
46.7059665601
46.61955806
46.5137497878
46.4294882011
46.3747203385
46.3066247856
46.2135352915
46.1546991484
46.0265583683
45.9053205486
45.9117704041
45.8410024459
45.7375116527
45.6933091536
45.6749510174
45.815010289
45.4828807172
45.5086752839
45.2819447651
45.0200972309
44.9255046089
45.0743736396
45.031129056
44.8913123631
44.7630770848
44.2830491
44.2748179198
44.3246224602
44.137416238
43.8697180654
44.2524615182
44.2449459526
44.0518630404
43.8694748326
43.9627926566
43.7636229886
43.9106571895
44.0107624266
44.1207890463
43.5359143396
43.6847446969
43.9826314034
44.0764000124
43.7571793895
43.8224541569
43.6852267011
43.5531595803
43.4342987917
43.5665260002
43.5523200652
43.4877766222
43.4007906824
43.3455042465
43.5553895137
43.2510697318
43.4377743715
43.5517944154
43.4376505669
43.1516231084
43.2039989114
43.2413694172
43.5000240431
43.2583968111
43.113467968
43.0935570765
43.3721275248
43.2233033654
42.9997509491
43.441249055
43.4017699482
43.2773839567
43.2830962696
43.3455279673
43.2877529427
43.3479947703
43.2023528681
43.1691118964
42.9711513471
43.0730929905
43.4931009105
43.4430766411
43.248600363
43.1346877097
42.9771798447
43.195744952
43.5292899007
43.1067757752
43.1200214604
42.9391535269
43.1593662541
42.8261011266
42.7026632504
42.700117002
43.0155292304
42.9987551798
43.1003609391
43.1599670796
43.3141019808
43.4208045778
43.14673974
42.9425877216
42.9387978539
43.1026401474
42.9746728341
43.113081046
42.9956696757
43.1322413209
42.7225239569
43.2603948133
43.1921915153
42.8541712886
42.8538988709
42.9774647468
43.0522349887
43.4189593992
42.8658459369
42.6912124167
42.7843422156
42.5193553291
42.894973497
42.871771695
43.3985437136
42.975170136
42.7653837154
42.7688197618
42.7953269293
42.9105897846
42.4731907694
43.04372677
43.0386615788
42.9691803781
43.0815693496
42.7501235008
43.3632662997
42.9612369455
42.8238373595
42.6324355693
42.556384208
42.8448275954
42.9854447714
42.8596652982
42.9437211731
43.15955235
42.7974460077
42.7540054178
43.1026338747
42.5570868606
42.5811443943
42.699074652
42.8249703914
42.6971153347
42.897471287
42.6808569435
42.7910687444
43.0265959734
42.6991598625
42.8344916333
42.8834114864
42.899884388
42.4482447472
42.9285350958
42.7541824443
42.5842295053
42.8094963672
42.9053326933
42.787059555
43.1024438106
42.8580093964
42.8090607096
42.8914882765
42.8211460175
42.8668026657
42.927631499
42.6757099824
42.7109726358
42.3308097978
42.5013594536
42.7218455495
42.763079189
42.8885507745
43.2075739479
42.7428746887
42.7362814643
42.5672984677
42.9712165641
42.6511804856
42.4931468933
42.8656623578
42.8020289213
42.7955888359
42.8041342557
42.5236315075
42.7029018891
42.6868661507
42.7247601679
42.8009121159
42.7045872628
42.9722979802
42.5779793597
42.619595616
43.1679636325
42.8057454626
42.6627882939
42.6969079635
43.1470483762
42.5668332265
42.9044312095
42.7718702963
42.6844189172
42.5213950192
42.5788989026
42.8165061783
42.7870648922
42.9185507133
42.434369542
42.3583426205
42.8628420453
42.7030598424
42.6192584809
42.9452594895
42.6939747625
42.4912783618
42.9606345584
42.8500572278
42.4437094628
42.5197634053
42.7174318348
42.5787070785
43.1250532329
42.6735656307
43.0118220657
43.2282465068
42.9415920847
42.5601766121
42.7057842409
42.7424109872
42.8434799349
42.7155601022
42.4813364903
42.5173085443
42.5420128676
42.6857477575
42.758858511
42.5000793469
42.9074472555
42.8145659239
42.8279550009
42.5334449467
42.334611573
42.6984591663
43.0839767618
42.6987679708
42.7167710496
42.7413794384
42.6550691982
42.5083420201
42.527363176
42.8347420322
42.6275791465
42.695677174
42.6908809817
42.8169268446
42.6137550372
42.6746297329
43.0212065301
42.6594605787
42.6924358508
42.4590557634
42.4374700513
42.7445784911
42.9941320996
42.8713355903
42.5238846048
42.6729119621
42.6498299655
42.7324198756
42.5510219991
42.8304386342
42.7798536209
42.6990470148
42.5229860297
42.3698671843
42.6464816842
42.6411499265
42.6793162147
42.7560027067
42.6543205238
42.3454564831
42.9029364251
42.7718235009
42.5964519201
42.637881708
42.7871428918
42.4486984077
42.7328767604
42.622018299
42.3726291077
42.9830109139
42.7337682563
42.6892216095
42.4094463934
42.2158759681
42.7678235163
42.4477427022
42.6319036516
42.3438099547
42.80541503
42.941543148
42.8479161473
42.4637876547
42.3740828816
42.6342719046
42.8178944275
42.6965976856
42.3798455948
42.5465200717
42.4049115586
42.6434527065
42.6190277685
42.7598458371
42.4321333153
42.7316281015
42.8982162628
42.6098007428
42.4938028276
42.4546270501
42.2874269214
42.6668259529
42.5580115037
42.9067756704
42.9663942904
43.0985441296
42.336496478
42.3698287589
42.391766751
42.7737411381
41.9743580095
42.4842605805
42.5094294496
42.8406420597
43.0531926491
42.680224905
42.502466068
42.3150105887
42.5066687042
42.4273955976
43.1009634332
42.4553778861
42.618453084
42.5218384424
42.7331394399
42.4834293363
42.5030080603
42.3963092497
42.2387336468
42.3855421769
43.0459988906
42.6961029783
42.2552358103
42.3744054558
42.6767299453
43.0098431436
42.8924717423
42.5870819148
42.9184130519
42.8713786118
42.6039552961
42.732049813
42.3079362984
42.5759384695
42.4447256371
42.5274233803
42.5599834734
42.2614423462
42.3120741596
42.6767650207
42.4711837982
42.7670493367
42.8387658044
42.618230432
42.5198512295
42.3655773693
42.5042605602
42.683168614
42.3803875887
42.3150801334
42.7779579594
42.5540401729
42.7184424116
42.3759588345
42.5838209771
42.6295746703
42.7397106152
42.4367535194
42.7336972234
42.2502026964
42.5852304145
42.5463075184
42.5409583746
42.4668080881
42.3014350994
42.2100844578
42.3606664068
42.1473419673
42.7492918305
42.7630292365
42.8248935571
42.4116077926
42.5455978139
42.2839931386
42.6605086694
42.513422709
42.7417957123
42.4171769735
42.5442095666
42.6912326699
42.7102351772
42.8159706596
42.3496358646
42.1210241434
42.6351975891
42.3311119512
42.440874508
42.4916789572
42.9073783237
42.6445427968
42.4666982497
42.4658167795
42.6750159845
42.3389059332
42.4517248415
42.4288139934
42.7821347111
42.5722308023
42.3432800037
42.2602336187
42.4980299379
42.3155218565
42.4411475694
42.7001234592
42.7333880964
43.0323830391
42.3618478624
42.3550771258
42.5154464829
42.9490895184
42.3242602111
42.5118757081
42.3638641473
42.4606628641
42.3904028982
42.5462986318
42.4638270878
42.568373645
42.5953259812
42.3984432611
42.8219117298
42.921527939
42.622310207
42.8690917193
42.4250732923
41.9389937375
41.9017947694
42.3871611588
42.2782822747
42.6013042179
42.5989552401
42.6161309813
42.5435565344
42.2022081403
42.4478031082
42.2239925915
42.505912419
42.6295167908
42.5778628518
43.0503206146
42.4755851104
42.8325769893
42.6887853557
42.4107879828
42.6411291174
42.4231321777
42.235787928
42.3631775274
42.3380727943
42.5625121361
42.4645837418
42.4067620538
42.4599534126
42.745293131
42.4310806989
42.3615504978
42.5454676791
42.4238790763
42.2255502296
42.7182344715
42.7615400169
42.8203858452
42.874118461
42.4665218857
42.4232173795
42.3605875373
42.4883905575
42.5889643869
42.0894909037
42.6997658537
42.6659710656
42.1393640421
42.4842089207
42.5238725328
42.5403236087
42.4444047914
42.322363783
42.337583174
42.4421453991
42.848902959
42.6034458839
42.4560754907
42.5233216216
42.7060554923
42.413482055
42.3930092474
42.3047706776
42.6477851381
42.3631698857
42.1951862176
42.2112282581
42.3313823331
42.3224615489
42.3139727002
42.3189349344
42.6319426071
42.5748883652
43.1635649106
42.4759291536
42.2316119122
42.1499779017
42.5518527996
42.1912028902
41.9659344564
42.6665619607
42.7794010005
42.3713136498
42.4016746134
42.4727619767
42.287130759
42.3294924749
42.7492374773
42.5041131684
42.3221335198
42.3574639592
42.4153372898
42.4790898536
42.6803494912
42.6354606025
43.0089009632
42.6382763117
42.1678832387
41.8932464929
42.2928886988
42.4492312011
42.460902288
42.2472699662
42.3763910932
42.5032479433
42.4312978099
42.186769585
42.3942660072
42.289099146
42.4934452367
42.2063701375
42.404204226
42.3819361653
42.7011697013
42.334024579
42.7757612809
42.452450804
42.4039564895
42.6199802115
42.1599210825
42.5941962155
42.1643009371
42.4590013165
42.7088001709
42.360571227
42.3071209992
42.4684020577
42.6482747665
42.7491190641
42.2720111516
42.6140707584
42.2685847662
42.3416955553
42.3363220121
42.5907056915
42.5756544801
42.7013681589
42.595171382
42.578797845
42.3408605286
42.583134281
42.3937720051
42.5106347589
42.576259775
42.2800513912
42.1245325767
42.5024416598
42.5193283909
42.4427056202
42.3032251829
42.4759555294
42.3579304346
42.2901781171
42.0786267723
42.5926517503
42.8360475884
42.5533375174
41.998091662
42.0028370543
42.3694225178
42.6541417705
42.7717636207
42.5729188257
42.8803372934
42.5538640668
42.4810910879
42.4810011425
42.6564060584
42.4187659948
42.4774421653
42.5843044453
42.5883464655
42.6826318801
42.6105196269
42.5098894505
42.3256325119
41.994721342
42.1119110017
42.2709665206
42.9030546322
42.2966186904
42.458858679
42.1777411896
42.491112338
42.4010558801
42.087319118
42.3788295151
42.4077290028
42.2639002454
42.7197134694
42.2329618849
42.4403666634
42.5808545201
41.9048594951
42.2062452393
42.2493616107
42.5970458402
42.4715485119
42.516835606
42.3504377205
42.774534689
42.4941405753
42.4374769161
42.2991894964
42.3333825431
42.5751255673
42.5116353271
42.6786489432
42.449031361
42.5512701959
42.0813199955
42.2334309661
42.1914305931
42.2023683717
42.4208705266
42.6425691782
42.6866043732
42.5017288269
42.3626979931
42.4229964354
42.6894099828
42.0372872004
42.5247226147
42.76302118
42.3859155892
42.0653422784
41.949106713
42.3080939279
42.523913377
42.5383893725
42.3743015009
42.2257047731
42.3555304585
42.4039752298
42.5834367322
42.5558320315
42.5811283995
42.0788969304
42.4324224378
42.4344873586
42.531032907
42.4808705679
42.2734575301
42.4834965372
42.2468047551
42.3248929989
42.2587954993
42.4375886
42.372089931
42.6341920398
42.8277628581
42.4494054429
42.3776100262
42.2529249023
42.5781806374
42.4159733418
42.2416957965
42.1657054445
42.2304261216
42.3111273698
42.0754894522
42.1116520607
42.0084659444
42.2996898342
42.4883809677
42.3828422303
42.3672733063
42.4566799238
42.4708391587
42.2018055328
42.4908336656
42.1633355494
42.7521796158
42.4456722697
42.480748088
42.571510925
42.3440348349
42.5021960977
42.3866410728
42.0610825981
42.6863374803
42.2740457165
42.1466555815
42.2866828494
42.5850627816
42.6879431933
41.9959039567
42.4830499218
42.6386510737
42.5349207914
42.5494415068
42.2927749104
42.3975161671
42.2533583568
42.358719873
42.4459208149
42.3901721568
42.2916059502
42.2793219844
42.5022005973
42.4519139698
42.4756506032
42.047452769
42.0661074957
42.2825028624
42.5342796587
42.5599783609
42.5545925064
42.2771805496
42.4350724682
42.6006219922
42.3635756866
42.1749590465
42.2521442528
42.150968474
42.5339216812
42.5045015882
42.557084349
42.057746175
42.3594216243
42.2286026058
42.4134267618
42.4481980141
42.4866592106
42.6602358489
42.5432076979
42.4280885202
42.1398222432
42.1750722126
42.1970462137
42.4512714762
42.4440485191
42.1479553212
42.0065760572
42.4511198653
42.2626827258
42.5206027206
42.5456192554
42.5538154724
42.2382285592
42.1920641882
42.1274050618
42.6176840133
42.4236905868
42.4183806877
42.2880089218
42.3051908264
42.5148227865
42.4611871463
42.6451075575
42.4472252868
42.3027301314
42.6442595209
42.571275869
42.5427411309
42.3688661828
42.106622139
42.4079722907
41.9553784007
42.2088873056
42.389719609
42.4257042365
42.3991918022
42.0113424613
42.2185502891
42.5560523658
42.3156203818
42.2866729812
42.3646980757
42.5593531066
42.6144086003
42.4893818938
42.3957308535
42.5505231832
42.364326295
42.4438471618
42.1774653273
42.2919598736
42.5103063899
42.39601877
42.4985462996
42.659425991
42.5864664251
42.2301434637
42.1997656401
42.4466236122
42.0200577534
42.1953480942
42.1781886899
42.2028261931
42.1245922379
42.40959468
42.4284696082
42.660114567
42.1036105064
42.5922364494
42.7346097675
42.5961937746
42.2474281642
42.1450130711
42.413261334
42.3744942998
42.4097630277
42.4881997798
42.5430276355
42.0969249029
42.2773453378
42.5849637319
42.4057884536
42.2211257022
41.9726546271
42.1478546011
42.2965675069
42.3035245043
42.5658301249
42.4882132888
42.6689178441
42.5062161473
42.4881704756
42.5376000289
42.1812707812
42.536203884
42.4176963271
42.0905931587
42.1971393206
42.4010895899
42.1926934325
42.5317920166
42.4190792561
42.7344555804
42.6584618656
42.559628271
42.5015868314
42.210037194
42.179651691
42.3138047302
42.5893509938
42.3685564812
42.430376559
42.4197741807
42.155501036
42.6359272998
42.3740639652
42.656291196
42.4725681328
42.1216722082
42.2602380342
42.2699531246
42.4681313909
42.4494733626
42.3488278573
42.0996178878
42.3604318699
42.2854056818
42.1252519757
42.4794085511
42.5319421511
42.4641113671
42.4720566491
42.0844121509
42.5654086043
42.509684291
42.4620900373
42.2702468499
42.4073769862
42.4110006177
42.2469012647
42.4813975579
42.4403121601
42.1662080658
42.5294789507
42.2600210541
42.4676661076
42.731328077
42.3478821273
42.3399924521
42.4611036195
42.3878764257
42.3851256533
42.3158957929
42.3728859725
42.5889187157
42.0495137456
42.3045412772
42.3981267456
42.3413036909
42.4302456815
42.6760628441
42.6542804527
42.5163771314
42.5054005292
41.9765012704
42.0305121216
42.0625362284
42.4030585958
42.4847142742
42.8945037951
42.4254715974
42.1741308604
42.2499028933
42.4314887814
42.1262641609
42.4113899759
42.6884513692
42.6141703635
42.3976845941
42.1085710673
42.2244394892
42.4887575129
42.3795797768
42.3512237565
42.1467775578
42.483499728
42.518609632
42.20038057
42.423852563
42.3584506027
42.4838284737
42.3458461926
42.4148770128
42.8600770933
42.8033218549
42.345491959
42.1873516463
42.3999708289
42.1198821526
42.0521267377
42.1655676425
42.4612029115
42.5179540474
42.4009873368
42.2533715686
42.40562875
42.43850105
42.3617062835
42.5686067348
42.3121543011
42.0698206468
42.5368472569
42.406193541
42.32100912
42.4701271895
42.4704160403
42.8188079132
42.8444220634
42.2020796015
41.9527424485
42.0259051727
42.2115400588
42.5365804296
42.2511318463
42.3092699186
42.3246982131
42.7267253994
42.2218223172
42.2127574432
42.4052091733
42.6548015814
42.2915102148
42.4045360784
42.4777944017
42.4170459158
42.1874198661
42.0220644454
42.2833115758
42.5338464849
42.8354194146
42.8970615212
42.2304990265
42.6164322987
42.1780078708
42.3769855311
42.7156929297
42.6378544387
42.5671283642
42.2007720614
42.5574000393
42.3146431809
42.3628183242
42.5485040126
42.373719077
42.3075417048
42.2487074259
42.3190846858
42.4089929779
42.5904756283
42.4144161438
42.334277097
42.128585762
42.3663518343
