5.16467188123
5.12478528077
5.11499800275
5.10813108342
5.09980510066
5.0923737846
5.08684041129
5.08304402255
5.07353244572
5.06956566312
5.06309326345
5.05964112469
5.0527007272
5.04456621378
5.03908719771
5.03385845256
5.02769235524
5.01955456442
5.01623080785
5.00798892594
5.00249197927
5.00188113457
4.99629439616
4.99052226546
4.98785768008
4.98410715532
4.97943544425
4.97607590579
4.96693970848
4.96419279161
4.96280922045
4.96165673568
4.95956089083
4.96259253971
4.95628426146
4.94931186301
4.95133349342
4.94859150846
4.9509241938
4.94301286902
4.95322211103
4.94326739366
4.93899032501
4.94162395499
4.93527173325
4.93659847684
4.93806415956
4.93613487197
4.93329663731
4.93254196339
4.92939605607
4.93752344414
4.93735857094
4.93518693614
4.93527622795
4.93380884138
4.92671841513
4.92876403136
4.92660668705
4.9246158672
4.92436926299
4.93151711849
4.92369462132
4.92523880565
4.92240149628
4.921405182
4.92073356985
4.92222556443
4.92172264009
4.92394939482
4.9302473778
4.92885056111
4.92419919665
4.92308344536
4.92114777404
4.9285152383
4.92447675888
4.92487647364
4.91675439758
4.91638809327
4.92337620001
4.92612623271
4.93400201107
4.92110377937
4.92060348996
4.91868849703
4.92246742611
4.91740441202
4.91788186287
4.91846860069
4.9183736187
4.92286488896
4.92466965044
4.92420128588
4.91934702817
4.92114098881
4.92612056059
4.9179430644
4.91741925761
4.91602232895
4.91810095868
4.91446475702
4.91862143089
4.92061728082
4.91848940993
4.91918451987
4.91636860809
4.91546206054
4.91680565213
4.91910455161
4.91947268137
4.92366811027
4.91979710673
4.92349153521
4.92235135591
4.91923253246
4.9158399351
4.91702007561
4.91948919557
4.922146897
4.91940108827
4.91825406648
4.92147266552
4.92228393387
4.92015610884
4.91756570901
4.91741504344
4.91989337849
4.9197297262
4.92227161233
4.91618873197
4.91851430109
4.92024337379
4.9176952841
4.91522924028
4.91460356622
4.91602020372
4.9234428733
4.92071136651
4.91974484712
4.92144554403
4.92022180429
4.91681072837
4.92446313467
4.92309980771
4.92236439146
4.92243576129
4.91975780847
4.92379636601
4.92676387853
4.92755338932
4.92120917409
4.92347316785
4.91953478821
4.91746271578
4.92054916603
4.92113612008
4.92336631134
4.91919986414
4.91764206984
4.91941542546
4.92031307071
4.91917713098
4.92895358462
4.92905859562
4.92407537585
4.91994816588
4.92182234556
4.91630100511
4.92128182625
4.9249613484
4.92191971624
4.9184608889
4.91648742237
4.91783129348
4.92372779465
4.92761292883
4.92646715497
4.92245490265
4.91957612391
4.91378735979
4.91617310498
4.9185759454
4.92437896115
4.91857290483
4.91472487737
4.92114023706
4.91345394005
4.91701949074
4.91981915229
4.91629863963
4.91628906146
4.91513819697
4.91813283733
4.92172044896
4.92183897552
4.91921731448
4.925008335
4.91962261749
4.9227474105
4.92334680232
4.9186477495
4.91437956923
4.91690110436
4.92028826378
4.92238380973
4.91665022922
4.91435790577
4.91711584255
4.91780849544
4.9147929846
4.91715512879
4.92083193214
4.91786411253
4.91440284365
4.9139065014
4.91284125724
4.91699411788
4.91453671508
4.91066828377
4.91289901462
4.91591021081
4.91487334597
4.91685329287
4.92461428886
4.91322096488
4.91988132366
4.91630363907
4.91793619949
4.91433696412
4.91655034876
4.91520497053
4.91436437166
4.91967466864
4.91874720855
4.9144527691
4.91182368631
4.91485724525
4.91841066868
4.91291210323
4.91452774176
4.90969563338
4.91271857013
4.90849407372
4.91220927444
4.92291886892
4.90988812841
4.91760642908
4.91320708563
4.91678496236
4.92088580434
4.92039535894
4.91140625054
4.91427660307
4.91052173445
4.9175417459
4.9072940816
4.90651562763
4.91637233514
4.91650891954
4.91721988017
4.91792319738
4.9135565415
4.91532216111
4.91908962972
4.90939997443
4.90790691907
4.91132363959
4.9194518041
4.91561229478
4.91398587222
4.90737078153
4.90642729207
4.91026302856
4.91107274762
4.90968178316
4.90890681161
4.90323235443
4.91250474631
4.9114951614
4.91990694571
4.91206753774
4.9146478499
4.91669242709
4.91033956531
4.9134454391
4.90587094315
4.91348900554
4.91015636647
4.91395711405
4.91908122659
4.91005153479
4.90674775589
4.90867541101
4.90843309692
4.91075587994
4.91334522459
4.91374517946
4.90787867486
4.90802902471
4.91401063059
4.90910961234
4.91036179203
4.91346500973
4.91533055409
4.91061379349
4.90928406157
4.90325560983
4.90732266724
4.91539996925
4.90484387718
4.90829356751
4.91240024502
4.90863102444
4.90561442101
4.90935162794
4.91102070374
4.90999273486
4.90643193744
4.90601318959
4.90970781472
4.90524180128
4.90747193608
4.91296168336
4.91262483062
4.90959815747
4.91414877638
4.90938927921
4.90628877358
4.90053855047
4.90941561588
4.9031414553
4.90925183222
4.91206562855
4.91066574611
4.90583076198
4.90412202123
4.90478385766
4.89963885056
4.90460838975
4.90510120818
4.90616199401
4.90580681704
4.906693158
4.91273576208
4.91084708145
4.91184737545
4.91295705063
4.90899291546
4.9055371364
4.90168015825
4.90167448917
4.9060194587
4.90316069758
4.90403171942
4.9046250197
4.90510915756
4.91158203232
4.90685751318
4.90369962684
4.90332766002
4.90854000742
4.90503046849
4.9055056735
4.9059359782
4.90142208079
4.90611880431
4.9125000347
4.9058106641
4.90713152526
4.90764134943
4.90801452208
4.90518790663
4.90678606075
4.90317037072
4.90518918148
4.91182444177
4.90766891488
4.90581926406
4.9088301908
4.90459299911
4.90729031015
4.90515912482
4.90456688252
4.90280260312
4.90679474522
4.90460269727
4.9063812292
4.90525088496
4.90658104777
4.90570517741
4.90162608805
4.90379520791
4.91038263939
4.91060872226
4.90824884149
4.90576176932
4.90118303121
4.89831894498
4.90698106714
4.90036127145
4.90632312513
4.90362941882
4.90710448339
4.91073990557
4.91001610628
4.90198390283
4.90375508665
4.90209226542
4.9037767833
4.9122103834
4.91412299574
4.90813996164
4.90366546522
4.90770604506
4.90442881228
4.9054509326
4.90522914845
4.90250037431
4.90247387977
4.89984685711
4.90727294
4.90409902549
4.90071967088
4.90630028846
4.91092654437
4.90923442979
4.90248303937
4.90322722465
4.90507541339
4.90239983601
4.90096079548
4.9039107566
4.90023974203
4.90516925528
4.90802548956
4.91382670623
4.90873194614
4.90750286827
4.90000233648
4.90496770051
4.90240891339
4.90102784876
4.90301865279
4.90162702336
4.90335307976
4.90495485192
4.90117034947
4.90297550203
4.90460629476
4.91278754596
4.91299775604
4.90282886784
4.90049771642
4.89869449768
4.90123433524
4.90842233765
4.89787312361
4.89853490583
4.89954301738
4.89855157527
4.90871820619
4.90164346693
4.90159436177
4.90483473316
4.9090672578
4.90196532281
4.89869687205
4.89575276765
4.91157324886
4.9111483505
4.91053265547
4.89986571508
4.89865004501
4.90081402729
4.90117954578
4.90853202031
4.90505719486
4.90137120826
4.90360587752
4.90045010565
4.90120128195
4.91123243764
4.90196739248
4.90742597175
4.90592809422
4.89981011081
4.90926252846
4.90234588092
4.90352373918
4.90163956253
4.90420773856
4.90410647413
4.90291845702
4.90033172264
4.90175852024
4.90663601265
4.90405074888
4.90221666006
4.90831903985
4.89837646283
4.89894552059
4.90091501208
4.90163650487
4.90077538745
4.91114250213
4.90618332088
4.90646113388
4.89878508148
4.89640241518
4.89984446302
4.9001381796
4.89935187766
4.89842702005
4.90466066066
4.90023696492
4.90676863711
4.90707543715
4.90018799763
4.89947071124
4.89582096979
4.90247243199
4.89735772059
4.90064315375
4.90336762035
4.9062776885
4.90324456021
4.90803980965
4.90145657091
4.89898215729
4.8977105985
4.90935252251
4.91335583987
4.90012883522
4.90131997529
4.90235117204
4.90039422357
4.9020497583
4.91056250561
4.90181712002
4.9030390352
4.8978324216
4.8978100636
4.89830555545
4.90119642487
4.90162190466
4.90574523191
4.90495121909
4.8987341274
4.90709330775
4.90134585974
4.90831432605
4.89964262529
4.89643057833
4.90045802999
4.89856489403
4.89834126855
4.91026627886
4.9049248133
4.90435752541
4.89959660744
4.90608705131
4.90157073038
4.90091549503
4.9010036261
4.9027455287
4.89730277368
4.89980450003
4.8951015883
4.89556376167
4.89960633855
4.89497908302
4.90710827951
4.90198399612
4.90294312029
4.90817059345
4.90264387739
4.9102759886
4.90125316555
4.89946890864
4.89207064316
4.89790790551
4.90002752573
4.9002456505
4.89972749441
4.90248797645
4.89708032882
4.90317414199
4.90016266205
4.90206414761
4.90424991461
4.90250106278
4.90229088855
4.89994839731
4.89910843185
4.89583056428
4.89603687985
4.89724632939
4.89780033323
4.89973021051
4.89457070101
4.90088322205
4.90822773751
4.90280542318
4.90210453051
4.90317492663
4.8979229449
4.90076492024
4.90329606318
4.90044414162
4.89940431528
4.89952385928
4.90181428423
4.89807827666
4.89771993984
4.9000529562
4.90057451121
4.89981099909
4.89730136961
4.8988517179
4.89542601271
4.90332561022
4.89934266239
4.89962009499
4.89798110841
4.90076586468
4.90131065166
4.90167065383
4.8998364915
4.90167215494
4.89976823565
4.89923679218
4.89851465048
4.90062508442
4.90561706339
4.90102169028
4.90099846925
4.9040397677
4.90389436294
4.90354323025
4.91240296007
4.90212475488
4.89975207208
4.90037564041
4.89639644893
4.89988291986
4.90385625977
4.89750282344
4.89875139707
4.89543945448
4.90235581472
4.8959903047
4.89895337162
4.89392316221
4.89679297244
4.89916036315
4.89972425592
4.89856667877
4.90028185956
4.90391539518
4.89783644656
4.89546451403
4.90549600911
4.90118326881
4.89641504517
4.89829772458
4.89823369065
4.89859934224
4.89407590378
4.89832746665
4.89584749181
4.90076881445
4.90162440536
4.9040550825
4.89901301857
4.89998412785
4.89958598571
4.89740820167
4.89765810971
4.90064142692
4.90174570002
4.89916758638
4.89665977772
4.89591462449
4.8993555441
4.89871456162
4.90356767141
4.89788358858
4.89432103142
4.90102333959
4.90163172296
4.90072300564
4.89804201397
4.90151803657
4.90476005431
4.906769617
4.89618845053
4.89664145419
4.89798183928
4.90264213914
4.89450697302
4.89606885025
4.89956078993
4.90672163226
4.90059465195
4.90032244679
4.89796291628
4.89728989022
4.8984571179
4.89805290314
4.89858985496
4.90592163221
4.89695784663
4.8979534788
4.89797670793
4.8924914204
4.89323254672
4.90046278307
4.90232641337
4.89766681336
4.9018140256
4.90571935416
4.90736594393
4.90191375398
4.90012954492
4.89973560813
4.8929548212
4.89447799928
4.90020600794
4.9016180816
4.89935285339
4.90051145846
4.89979607408
4.89766338059
4.89949457877
4.89828943084
4.89472548923
4.90051391965
4.89524649014
4.90251981838
4.89876569473
4.89602220199
4.89609604085
4.89738428272
4.90787144372
4.90477610612
4.90170706447
4.8980869829
4.89460975619
4.89409124125
4.8976104205
4.90570199866
4.90475226795
4.89921192762
4.89401040822
4.89728020213
4.89607815656
4.89922161912
4.89824258162
4.89420669398
4.89325825064
4.90221713056
4.89922090955
4.8949875551
4.89200947302
4.89589497829
4.8964002494
4.89206310136
4.89335690765
4.89752636357
4.90589328931
4.90291264425
4.90814736016
4.89735015225
4.89652548939
4.89487107199
4.89774865853
4.89751034273
4.89440893118
4.9023038401
4.89611529946
4.89148592656
4.89337577931
4.89878240001
4.90285619285
4.90432576872
4.89465614629
4.89952115593
4.89614251473
4.90039496263
4.89456026094
4.9000592602
4.89283287683
4.89608392426
4.89577132637
4.8989825514
4.90160218371
4.89534794774
4.89941389804
4.89901173622
4.90126141146
4.89810801363
4.89381322428
4.89668439338
4.89618054163
4.89907726179
4.89250586176
4.89299565359
4.89895152516
4.89831368181
4.89612540244
4.89732018847
4.90459004641
4.90727861947
4.89857681946
4.90061416944
4.89611871367
4.89437860015
4.89598132222
4.89928889054
4.90474785105
4.9103104958
4.89699533821
4.89192635988
4.88881317019
4.89178427547
4.89787026277
4.89288240585
4.89438476246
4.89949818354
4.89714218443
4.89973549879
4.89580040559
4.90036532347
4.89623963233
4.89618401494
4.89241355684
4.89637610405
4.89275673288
4.89093766237
4.89912247308
4.89480138065
4.89712299426
4.89905459337
4.89671413624
4.8974087243
4.894255384
4.89751040657
4.894410363
4.90056712124
4.90113923718
4.89998322824
4.89538272684
4.89724280888
4.89593918427
4.89579452335
4.89566860294
4.89561139828
4.89159528609
4.89497943612
4.90415665416
4.89955982493
4.89711992352
4.89420522845
4.89500715567
4.89903068871
4.89716686591
4.89436003455
4.89885651675
4.89539324429
4.89234504366
4.89250805531
4.8995514015
4.89893973898
4.89789997299
4.89696714096
4.91004020365
4.90091627007
4.90032333278
4.89313927986
4.89423694244
4.89329260307
4.89576276222
4.8934876205
4.89086511286
4.89586360618
4.89777052381
4.89685270671
4.89573079599
4.89553149414
4.89579864761
4.89807924658
4.89441619963
4.89647842183
4.90168909295
4.89733166615
4.89520311149
4.90571892356
4.89850985063
4.89427075296
4.89384657488
4.89598028634
4.89686427857
4.89374263545
4.89133055196
4.89441501232
4.89567538319
4.89896291562
4.89793326518
4.89816703292
4.89717669457
4.90073961518
4.90147255636
4.9006354975
4.8993526645
4.89526241727
4.89881479012
4.89184739132
4.89941558884
4.8959166522
4.90011313647
4.89201035835
4.89500922197
4.89610890787
4.89345155465
4.89175282152
4.89822163264
4.89752580298
4.89823993765
4.89817224537
4.89168303561
4.89351614883
4.89233125919
4.89425569313
4.89857644786
4.90028857216
4.89326920477
4.8920777207
4.89786544664
4.8964152828
4.89671460577
4.89507876883
4.90482819388
4.89863982258
4.8942848985
4.89120760518
4.89425881546
4.90098632434
4.89967846507
4.89514264955
4.88910805556
4.88875447385
4.89599958995
4.8941140511
4.89500177925
4.90115464093
4.89254160199
4.89953676579
4.89372332394
4.89529329482
4.8957908933
4.89293959961
4.89432573956
4.89349328909
4.89640858408
4.8994900424
4.89526612928
4.89593188219
4.89426984012
4.89674982484
4.89591444817
4.89248371433
4.89415587956
4.89447733543
4.89608892079
4.88949749619
4.8928201486
4.89396075711
4.89229018793
4.89702307208
4.89794514684
4.89670824797
4.89622450801
4.89775154806
4.89251616952
4.89595758672
4.89813787656
4.90022960277
4.89626638183
4.8938987125
4.89488936415
4.89383923891
4.88975953027
4.89717471492
4.90075000051
4.89777802961
4.89389332484
4.88922919049
4.89328343067
4.89200025236
4.89999188184
4.90155446711
4.89709797305
4.8996057735
4.90484061361
4.89745760121
4.89874118713
4.89093782871
4.89529652066
4.89625636789
4.89660779108
4.89594990095
4.89539313225
4.89322067653
4.89458584191
4.8962196617
4.89864410278
4.90333604519
4.89439557161
4.89217281598
4.89581105481
4.89838246139
4.89366377116
4.89267473762
4.89365638306
4.89429233076
4.90345932464
4.8931474588
4.89216703042
4.89516429763
4.89746957681
4.89122152282
4.89088443381
4.89386920227
4.89762825097
4.89014583085
4.89761773436
4.8944852921
4.89298086764
4.89306453363
4.89702370658
4.89427700092
4.89330065256
4.89739073185
4.8955582683
4.89372056832
4.89734368831
4.8979461699
4.8906028996
4.89429972808
4.89764039507
4.89731255286
4.89665524737
4.89741382444
4.89723147346
4.89278361543
4.89498415061
4.89221250046
4.89509436358
4.89284349998
4.89227799787
4.89429419947
4.89201236713
4.89901069243
