5.16240796247
5.16386115113
5.15598272702
5.13630493456
5.14553319188
5.09128537217
5.06627964757
5.04027109468
5.04984382319
5.05032287973
5.036326216
5.04213976215
5.03343617594
5.00677717356
4.9836636377
4.99063773367
4.99052541172
4.97711129157
4.98215390789
4.9957977158
4.96607697908
4.94634995055
4.95231963963
4.95514603911
4.94418051997
4.94995494087
4.97301597343
4.94603938524
4.92756466009
4.93468675972
4.93755575893
4.92914698524
4.93474886853
4.96252510707
4.93701017174
4.91950471448
4.92468726549
4.92934792606
4.92062319459
4.92840241716
4.95813977187
4.93270499227
4.91590817662
4.91980631879
4.92442306652
4.91817012991
4.92563541927
4.95152683437
4.93021563384
4.91230707167
4.91575770379
4.91975183481
4.91335079475
4.9200716075
4.94859624941
4.92887364453
4.91102210182
4.91495412838
4.92005139126
4.91234805007
4.92158705966
4.95448143847
4.92855239158
4.90944651996
4.91262878031
4.91700121688
4.90998124644
4.91917714913
4.94520523307
4.92859672651
4.90848902494
4.91195428457
4.91543578833
4.90889344283
4.91732065555
4.94086282104
4.9251884867
4.90825367976
4.90975198494
4.91363655759
4.90824067328
4.91836586604
4.94272959896
4.92609930843
4.90680611314
4.91095299652
4.91325268509
4.90780675133
4.91677304767
4.94271563343
4.92687868611
4.905937346
4.90779018249
4.91191267839
4.90647657688
4.91527543799
4.93966499694
4.92246954521
4.9058548244
4.90698871399
4.91011567748
4.90403979363
4.91343711561
4.93886844368
4.92181347518
4.90482074739
4.90712366812
4.91002740179
4.90350093051
4.91402388238
4.9435924928
4.92044894348
4.90280933595
4.90605596978
4.90955392855
4.90267976154
4.91226060555
4.94466409768
4.92278258361
4.90270181467
4.90677092829
4.90884228209
4.90174852264
4.91181203231
4.94267453748
4.92081332225
4.90239155632
4.9047486022
4.90767413567
4.90082775244
4.91113603971
4.94129987095
4.91913124587
4.9026152793
4.90377892601
4.90754434954
4.90165741616
4.91029270309
4.94015052271
4.91867073251
4.90074249706
4.903261153
4.90620725781
4.89891105247
4.90716891432
4.93670178517
4.91652376865
4.9012114863
4.90232330648
4.90576264982
4.90040997167
4.90803647805
4.93812660578
4.91796537294
4.90002011892
4.90223349136
4.905379546
4.89895090049
4.90792658287
4.94027146255
4.91931582115
4.90128233985
4.90104548181
4.90399555874
4.89830355203
4.90841467131
4.94284160336
4.91496793844
4.89802705089
4.90248428215
4.90409699253
4.89768732595
4.90659100341
4.93907497456
4.91576551661
4.89991736681
4.90115867997
4.90392354743
4.89737398553
4.90686980441
4.94474395641
4.91446999446
4.89552575741
4.90062606287
4.90223609445
4.89717572805
4.90594993632
4.94287080994
4.91262031954
4.89857008366
4.90326026569
4.90441298347
4.89758088152
4.90868641571
4.93802594566
4.91384098574
4.89680196806
4.90081985825
4.90238367551
4.89697119763
4.90740159267
4.94065550969
4.91619432134
4.89751196857
4.90129343279
4.90317148461
4.89681005025
4.90578519188
4.93744161295
4.91457644302
4.89642661178
4.90223851898
4.90365550861
4.896899859
4.90917216243
4.9404209006
4.91333477245
4.89476800637
4.89901645858
4.90091454403
4.89565338963
4.90530067133
4.93843443388
4.91387610177
4.89527714647
4.89856796572
4.90146135617
4.89298410921
4.90428264548
4.9364194714
4.9130001062
4.89594943565
4.89866469809
4.90046808297
4.8947492831
4.90353508471
4.93751848988
4.91157198588
4.89530568163
4.89840130036
4.90167418713
4.89402499969
4.90164816828
4.93532620135
4.91209471224
4.89325082282
4.90140904433
4.89935325504
4.89365251939
4.90339583706
4.93638526589
4.90964438085
4.89396807184
4.9004444487
4.90133501428
4.89462220669
4.90213431006
4.93348587639
4.91170750991
4.89543751143
4.90203818558
4.90009674946
4.89484256461
4.90377158595
4.93476002542
4.90889099161
4.89395372454
4.90268247472
4.89936310207
4.89226819464
4.90261648199
4.93930378009
4.91114413952
4.89290572907
4.89928240009
4.899604501
4.89384526217
4.9014856522
4.93611297041
4.91049047705
4.89586461218
4.89943101746
4.8989433866
4.89270656952
4.90104726246
4.93898217399
4.90800786789
4.89327179684
4.89797554547
4.89756888395
4.89368171797
4.90339348041
4.93383021618
4.90935001894
4.89466735179
4.90191864668
4.89830514094
4.89230517387
4.90130571238
4.93525523569
4.91036128457
4.89377279611
4.90235412559
4.8994145375
4.89390440418
4.90020085869
4.93189506773
4.91275593484
4.89362070238
4.90070872344
4.89906090535
4.89370092216
4.90170390494
4.932379199
4.91060037498
4.89475080049
4.90294182193
4.89721161695
4.89399429572
4.90422297311
4.93560027209
4.90899713088
4.89409109912
4.90244328122
4.89712536483
4.89297057663
4.90284652818
4.93414171509
4.9095889418
4.89542434471
4.9027719947
4.89853886161
4.89203268712
4.90109691059
4.94074931983
4.91080829241
4.89640800673
4.90179351326
4.89847461326
4.89276170426
4.90197973774
4.9371682063
4.90832663245
4.89185193403
4.8975527314
4.89837065086
4.89253362536
4.90186753329
4.9344153278
4.90836292626
4.89461173444
4.8983465534
4.8999284506
4.8950115609
4.90203589702
4.9344746223
4.90618334488
4.89426383564
4.89763119247
4.89729992961
4.89275826189
4.90183711081
4.93527523771
4.908038374
4.89196495945
4.90037696411
4.89702346609
4.89246176956
4.90343540609
4.93074570873
4.90896786489
4.89256196358
4.89955507555
4.89750205127
4.89265472424
4.90245847834
4.93892284437
4.9067092672
4.89417297646
4.8946103497
4.89767314104
4.89259917847
4.90187144992
4.93744147652
4.90897436526
4.89443675147
4.901084503
4.89713497303
4.89247093378
4.90138042446
4.93778057421
4.90575832504
4.89077044933
4.89691450505
4.89636769151
4.88952618418
4.90008823538
4.92999768863
4.90647153108
4.89142258344
4.89632715219
4.89737906739
4.89216609749
4.9018052664
4.9335010294
4.90762203962
4.89294060978
4.89966685786
4.89690783535
4.89213306241
4.9024669382
4.93945410937
4.90489337765
4.89107338805
4.89587154256
4.89807141348
4.89033965991
4.90253867241
4.93477602476
4.90664201087
4.89349868257
4.89770402224
4.89562992822
4.88924388797
4.90108021618
4.93415367315
4.90563554224
4.89091719319
4.8968935832
4.89736963276
4.89140594067
4.90491268692
4.93438999453
4.90657866645
4.89222995647
4.89513011198
4.89620594012
4.89070383032
4.90255756235
4.93177604477
4.90665690792
4.89027798449
4.89712010904
4.89567440723
4.89028023406
4.90250754442
4.9401821982
4.90662787975
4.88850843743
4.89492635201
4.89579170613
4.88950493003
4.90273858273
4.93524528399
4.90904225172
4.88983700004
4.89717124737
4.89818718866
4.89129724984
4.90436656183
4.93584402464
4.9075892214
4.88983261074
4.89455247978
4.89544974305
4.88949858449
4.90130005256
4.93114815736
4.90577029315
4.89319128289
4.89639672872
4.89743598348
4.89107319353
4.90078886681
4.93264057543
4.90660676226
4.89040631076
4.8954400909
4.89656091323
4.89195061727
4.90142074226
4.93876922251
4.90586526558
4.89238206281
4.89466431051
4.89565426659
4.89045106033
4.90260643491
4.93973316131
4.90337238177
4.89036894873
4.89616021371
4.89718601735
4.89180393198
4.90244858146
4.93930548721
4.9056639243
4.89153194203
4.89350215283
4.89524091335
4.89101352958
4.90337527673
4.93942580812
4.90445698264
4.88875289953
4.89395977767
4.89509194722
4.88967635942
4.90067857844
4.93721604536
4.9031856638
4.88980724037
4.89650757386
4.89551469517
4.89027639863
4.90087393032
4.93356841114
4.90310284494
4.88910821024
4.89467468919
4.89619606985
4.89108478895
4.89919349642
4.93737672614
4.90303619045
4.89110175353
4.89561740277
4.89588232947
4.89064499392
4.90230852711
4.93978354305
4.9047233103
4.88959695544
4.89315571686
4.89347269772
4.88862665183
4.90033769456
4.93667722834
4.90506300094
4.89045673638
4.89685263974
4.89652719191
4.89188918697
4.900676367
4.93264692929
4.90384746167
4.88860485912
4.89661044514
4.89361643776
4.8904302921
4.89936920393
4.93409707284
4.90405703836
4.88811232349
4.89347686787
4.89396126591
4.89039877889
4.89981785512
4.93390337516
4.90381165699
4.88845302675
4.89193493277
4.89367327944
4.88868580442
4.89939853085
4.93465695753
4.90372458676
4.89155065355
4.89575694701
4.89620493578
4.89133643266
4.90100987764
4.92888529074
4.90407264347
4.88943427602
4.89574532961
4.8952505632
4.89030893111
4.90263258661
4.93964265777
4.90404635279
4.88850711319
4.89297370473
4.89370945323
4.89204909882
4.89980197666
4.9302967077
4.90289692549
4.88820924093
4.89148627533
4.89414525437
4.89101582169
4.90338960199
4.93199500718
4.90364511041
4.88780845697
4.89366847772
4.89509432033
4.89224854629
4.90370860828
4.9351640299
4.90468794552
4.89041314574
4.8932449488
4.89471645389
4.89148631406
4.90303361593
4.93088430427
4.90259552187
4.88965199573
4.89594945193
4.89463604515
4.89222776999
4.90022959375
4.93783055131
4.90544395115
4.8897202635
4.89429823736
4.89376036182
4.89208955994
4.9036989594
4.93306868117
4.9014876491
4.88819025169
4.89529843813
4.89271341018
4.89101217561
4.90331004725
4.93998182637
4.9015704239
4.88913141822
4.89457485965
4.89441025051
4.89089744742
4.90098837795
4.93530647329
4.90478488426
4.89010887288
4.8966920382
4.89575287484
4.89345377159
4.90463474282
4.92814795078
4.90529271491
4.89142859443
4.89447676244
4.89405466111
4.89211801525
4.90152589723
4.94040196676
4.90441484977
4.89131307111
4.89686096203
4.8937350736
4.89191245949
4.9044135976
4.92791329992
4.90541854224
4.88820801035
4.89405645718
4.89295130827
4.89092943464
4.89994956053
4.9363277612
4.90421432939
4.88883206659
4.89411154989
4.89380295892
4.89234490813
4.90049779754
4.92886260031
4.90446806364
4.88956717715
4.89727989226
4.8936811313
4.8916827489
4.9055578761
4.93572244942
4.90337028859
4.89049867135
4.8943640395
4.89485509778
4.8899479372
4.90545609325
4.93397608395
4.9033946483
4.88961461922
4.89553835984
4.89329439961
4.88961071844
4.90407681991
4.93674084249
4.90092494842
4.88722730701
4.89576206468
4.89450424756
4.89129485697
4.90368348576
4.93432348222
4.90277023129
4.88788040095
4.89733594386
4.89368092795
4.89061209821
4.90677672464
4.93045342248
4.90319830367
4.88966676138
4.8960912654
4.89428303877
4.89138287095
4.90404232755
4.92993836345
4.90394542638
4.89125128298
4.89672823571
4.89156401281
4.88952005592
4.90240715783
4.93792669071
4.90318818833
4.88898741348
4.89481652619
4.89280082442
4.89079648735
4.90359130974
4.9328110475
4.90650031653
4.88965623216
4.89671356185
4.89267760158
4.88958154463
4.90447979385
4.93029954667
4.90308683459
4.88676104765
4.8975441313
4.89266097181
4.89026102601
4.90275963298
4.93377704417
4.90345483071
4.88959438089
4.89833757988
4.89247186225
4.89045210444
4.90585184436
4.93688213885
4.90268689544
4.89083411989
4.89853694666
4.89391128351
4.89165065223
4.90345883105
4.93841568702
4.90432797014
4.8906336371
4.89949533679
4.89350035687
4.89156120364
4.90201819268
4.93868239079
4.90414490706
4.88957862615
4.89694610761
4.89160331534
4.89068630193
4.90692215842
4.93356611763
4.90378471773
4.88925507705
4.89965395916
4.89536545803
4.89421017108
4.90471453037
4.93792341486
4.90406844646
4.88812833309
4.89602648959
4.89372709989
4.89185978751
4.90329210376
4.93766795663
4.90390155183
4.88913850937
4.89459109037
4.89407867092
4.89146298218
4.9045037811
4.93413295829
4.90359116205
4.8908905676
4.89654981632
4.89342824202
4.89073712804
4.90625926335
4.93367060761
4.90465141855
4.88859482386
4.89384890021
4.89279350288
4.89193756818
4.90452671501
4.93735238409
4.9033759645
4.88884404138
4.89816626675
4.89456931302
4.89349440151
4.90613737419
4.93350158156
4.90482009475
4.89023549009
4.89815099669
4.89286186312
4.89001946105
4.90411058115
4.93633997324
4.90648454074
4.89023602401
4.89632116262
4.89299688938
4.89041814864
4.9061449192
4.93085011151
4.90640652628
4.88969951894
4.89886085131
4.89434807095
4.89117162262
4.9051443574
4.93167915969
4.90558603102
4.89215919004
4.8977816261
4.89584235941
4.89251042219
4.90806009118
4.93799511764
4.90438930958
4.8876834146
4.90210287451
4.89437659804
4.8918835675
4.90709857652
4.93337390065
4.90555558522
4.8904618944
4.90254638203
4.89470983326
4.89238200537
4.90706774149
4.93905214308
4.90464584126
4.88709482823
4.89946917299
4.89209743337
4.88967164164
4.90478084457
4.92620448715
4.90188889709
4.88839759295
4.89792001496
4.89307162963
4.89032180101
4.90617090747
4.93168249221
4.90503175949
4.88885656944
4.89642282795
4.89381635192
4.89154789683
4.90617102448
4.93366188865
4.90723228192
4.88905567293
4.90234028117
4.89590283332
4.8921685155
4.9091774091
4.93692023786
4.90443053627
4.89130793161
4.89805100557
4.89380564461
4.89227025245
4.90812721188
4.93696508812
4.90542217205
4.89045701854
4.89922347016
4.89293516961
4.89132874164
4.9061086969
4.92521434245
4.90458515262
4.88933724707
4.89875885407
4.89442120654
4.89072845731
4.90649358929
4.93081855614
4.90423915598
4.89246049035
4.89797744856
4.89276288434
4.88933430065
4.90153097452
4.92998968404
4.90367465392
4.88933816869
4.89793715876
4.89662848005
4.89266254209
4.90448671129
4.9315543316
4.90478484794
4.88946394707
4.90136316047
4.89479747847
4.8915633119
4.9043802524
4.93605627772
4.9049442267
4.89112602261
4.89948911284
4.89346051211
4.889877453
4.90234418615
4.92877615947
4.90427277764
4.89002771255
4.90010649947
4.89528446152
4.89310448532
4.9076926235
4.92909985585
4.90233268834
4.88997356862
4.90085670644
4.89411204071
4.8899410799
4.90344732579
4.93792065661
4.9008352416
4.88944019548
4.90056059761
4.89352707877
4.89162717783
4.90489184705
4.93500703547
4.90580052455
4.88890761693
4.89913436738
4.89327219897
4.89087037646
4.90376628392
4.92778602675
4.90382286058
4.89041536218
4.89860789264
4.89374320455
4.89078595939
4.90344360406
4.93451705196
4.90235950777
4.88900161045
4.90183973711
4.89455225478
4.89139614743
4.90539233349
4.93182656225
4.90307367471
4.8879739671
4.90129283528
4.89405015558
4.8909348954
4.90757285875
4.93404631741
4.90316180121
4.89094995282
4.89720088758
4.89327861075
4.8900245969
4.90527758477
4.93583794253
4.90371444578
4.8886419667
4.89742946879
4.89336511895
4.89194728306
4.90470084353
4.93145912668
4.9047272756
4.88752273606
4.90154549421
4.89533566049
4.89127126868
4.90768878427
4.93185136946
4.90229378442
4.88709196582
4.90244642324
4.89374656532
4.88924865686
4.90677296259
4.93175979982
4.90503612035
4.88880041807
4.89582878836
4.89335874428
4.88960058561
4.90397565234
4.93550920329
4.9022894823
4.88737613788
4.89563178931
4.89251275459
4.89009483071
4.90486882145
4.93876071482
4.90129302484
4.88663483843
4.8997521887
4.89308656533
4.89061530071
4.90468575949
4.93663833848
4.90288036237
4.88884829417
4.89539784957
4.89263055197
4.8898123966
4.90475862
4.93030635205
4.90258012692
4.88844409731
4.89762130829
4.89358611248
4.89017650106
4.90286125698
4.93536706367
4.90411130147
4.8886019864
4.89934153232
4.89432284527
4.8907903464
4.90843919397
4.93443442475
4.90156698999
4.88702326465
4.90040198723
4.89424467878
4.8904922166
4.90405564659
4.93193156068
4.90224128346
4.88734271075
4.89737437142
4.89484134137
4.89023933277
4.90354162852
4.9376740641
4.90410677444
4.8886339589
4.89699916996
4.89349915773
4.88982610387
4.9042135229
4.9351611694
4.90276719655
4.88844278157
4.89880930828
4.89247439741
4.89181299321
4.90474443423
4.93500856983
4.90470497892
4.88628593053
4.89636581125
4.89319017514
4.88989159116
4.90575871872
4.93357114606
4.90270039745
4.88668171821
4.89666389347
4.89385455094
4.88974600968
4.90491012426
4.9385832072
4.90212242949
4.8898489649
4.8937961863
4.89293659962
4.88946424799
4.90436561965
4.93555546865
4.9045515103
4.88675909827
4.89701068371
4.89333218605
4.89056122733
4.90359831633
4.93608089038
4.90102096104
4.88888148712
4.90045793387
4.89392496298
4.8911146077
4.90850168282
4.93653211365
4.90389536925
4.88756955113
4.90128445947
4.89340799237
4.88934597695
4.90318339884
4.92870588939
4.90221325131
4.88578902821
4.89773608734
4.89396943979
4.89015480482
4.9070124253
4.93382682356
4.90237673507
4.88641442333
4.89536095024
4.89225486647
4.88893509498
4.90421990667
4.93409359603
4.90256373447
4.88506920909
4.89585548304
4.89157182026
4.88893964593
4.90450170451
4.93724065927
4.90010022788
4.88528062573
4.89410548174
4.89129068229
4.8892944762
4.90218727873
4.93552435527
4.90238392123
4.88689169044
4.89694972749
4.8925617744
4.88753641259
4.90251999105
4.93155444571
4.90033435036
4.88663970962
4.89825436765
4.89444593674
4.89000766182
4.90283391933
4.93301099546
4.90269702
4.88505529679
4.89941540502
4.89390906387
4.88898793328
4.90124902839
4.93766271775
4.90291150629
4.88700817444
4.89718447118
4.89203503085
4.89008272489
4.89999898784
4.93049016654
4.90314939618
4.88920086914
4.89550944541
4.89092557213
4.889720431
4.90266476695
4.92623542747
4.90253865098
4.88654294988
4.90003274865
4.89123607537
4.88830898615
4.90407191406
4.93020849183
4.90161962154
4.88712688254
4.89985479057
4.89315306808
4.89121591367
4.90379892204
4.93180620184
4.89942969636
4.88387227247
4.89998086877
4.89267614738
4.88985780891
4.90567890177
4.93254652245
4.89915830408
4.88543025326
4.90048130741
4.89239461712
4.88862498913
4.90225718524
4.93402987666
4.90296071821
4.88653711641
4.89569484165
4.89169259021
4.89057789907
4.90263169779
4.93506558015
4.90085850811
4.88467532596
4.89571633421
4.89069207627
4.88966237196
4.90405891179
4.93275855134
4.90306746256
4.88715305184
4.89997884785
4.89305585161
4.88869289063
4.9055033228
4.9355207957
4.89885067438
4.88583146143
4.90062127066
4.89150820271
4.88831560363
4.90419590992
4.93905752104
4.9028377535
4.886684433
4.90206182247
4.89360796523
4.89061636343
4.90493906584
4.93825266236
4.90047473736
4.88803739703
4.89811089738
4.89302265015
4.88879910892
4.90132137615
4.93991828215
4.90024432049
4.88710506185
4.90611656902
4.89530621347
4.89199080195
4.90348323105
4.93619597937
4.90141463052
4.88639117631
4.89710003352
4.89187916005
4.89182941073
4.90441316746
4.9369543018
4.90049025307
4.88595033261
4.89826835452
4.89217555985
4.88915866921
4.9008258631
4.93494537207
4.9011999706
4.88540788686
4.89571020114
4.89274743685
4.88959169924
4.89926733506
4.93463030223
4.90182357379
4.88695130562
4.90241209581
4.89157242094
4.8892296509
4.90251225547
4.93421387121
4.90065686316
4.88417889152
4.89977160565
4.89414172077
4.89069460317
4.90092988473
4.93318730791
4.90068530327
4.88633812409
