35.2000622167
34.9679300505
34.8594272925
34.773555027
34.6912439339
34.6096411458
34.5314680093
34.4787579089
34.3914446964
34.3298083803
34.2610383611
34.2315027004
34.1679413424
34.0826347972
34.0206961393
33.9933440699
33.9511373214
33.8469154129
33.8282753645
33.7212148463
33.6290964231
33.7124852622
33.6519260914
33.573086609
33.6417148434
33.5207448603
33.4581675498
33.4077697628
33.1738452065
33.2163985794
33.2970660981
33.3272645781
33.3342139706
33.4992644191
33.2043830828
33.0287917202
33.151398881
33.0819410408
33.2399168348
32.997690204
33.4577660838
33.0742917964
32.9614688591
33.0949730634
32.9274721298
33.053236106
33.1188114034
33.0423318661
32.9403024403
32.9186222086
32.8100885025
33.1416385705
33.1844674129
33.1194011776
33.0775346208
33.0091095129
32.7917354674
32.8773060637
32.7853452399
32.7593087418
32.7541134184
33.0349356255
32.718887687
32.780701649
32.6906999599
32.6531089628
32.6669461383
32.7057782157
32.7019643619
32.7759877656
33.0283990971
32.9345943696
32.7637297977
32.7010256498
32.6752527495
32.9502876945
32.7900835856
32.8324888797
32.5302986304
32.5536358843
32.8111920936
32.9072660467
33.2187305539
32.6916033188
32.6834438523
32.6536315899
32.8365337236
32.6416803153
32.607615963
32.5899011415
32.5867980668
32.7839707581
32.8243818841
32.792374869
32.5974688478
32.6884191859
32.8830029419
32.5812553664
32.58492217
32.4916767591
32.5803471286
32.4672707776
32.6249415372
32.7335394977
32.5938543112
32.6624883451
32.5420607287
32.5081150624
32.5737746319
32.6830283695
32.6523488068
32.7867625606
32.6444352593
32.8196294671
32.7746064533
32.6116051914
32.4842934965
32.5366567235
32.587370913
32.6977857816
32.5648253169
32.4925290579
32.6242025879
32.6766359173
32.5931203618
32.5053778979
32.5024461058
32.6050488789
32.6142746485
32.6874492885
32.4694767285
32.5121972207
32.5823255318
32.4535377414
32.3578160173
32.3369279487
32.3918891149
32.7123771485
32.5887651024
32.5585224262
32.5652246683
32.4924826971
32.3206903061
32.6430665585
32.6086438382
32.5696537644
32.5934340966
32.5301518258
32.7036742316
32.7506836696
32.7809331813
32.5414408028
32.5945833505
32.4230818746
32.3809518743
32.467414182
32.5106721183
32.6393732645
32.4917768232
32.3752296952
32.4001647365
32.4737318745
32.428872065
32.8396208656
32.8209211752
32.5917658717
32.4664806103
32.5473207899
32.2981566318
32.5045327278
32.7257456574
32.5300462456
32.3746297513
32.3284894864
32.4341141378
32.6495380493
32.8240476166
32.7496700332
32.539796872
32.4245082592
32.2493731576
32.3367349115
32.4312047882
32.6355508209
32.3832526562
32.2704838659
32.5247669
32.2622255627
32.3761208883
32.5163390956
32.3485082985
32.3596680375
32.3302611536
32.4375597135
32.5938725633
32.5890464107
32.4813235286
32.7534443962
32.5466623716
32.7031146505
32.6839216255
32.4424870357
32.2604178181
32.3825486643
32.5262069168
32.6061192428
32.3643327826
32.2694994958
32.3954734737
32.4810380586
32.332390375
32.4216805274
32.6039710927
32.4686565487
32.362009905
32.3096539119
32.2760542339
32.4257312079
32.2906202536
32.1503984322
32.2667390204
32.407028982
32.4149422294
32.4529931563
32.80348291
32.3615689306
32.6167223104
32.4264393201
32.5198940359
32.3476909926
32.4294747596
32.4006165102
32.36086071
32.575301983
32.503447414
32.3110329213
32.2270391443
32.4205856178
32.526093673
32.3153597832
32.3787842387
32.1870843197
32.3028133924
32.1644810654
32.3454929698
32.7673934822
32.2021753613
32.502924599
32.327404915
32.4542902583
32.6467146837
32.6568548748
32.2892312613
32.4169256929
32.2679107231
32.5828952329
32.1703779491
32.1227990078
32.5068368797
32.5149070821
32.5287844099
32.5687171534
32.3626089408
32.4446135368
32.5745649324
32.2297919032
32.115143821
32.269813228
32.5964887714
32.4468139532
32.4023681178
32.1686976469
32.1159717903
32.2596675806
32.3058545558
32.2486164935
32.204417019
32.0301553008
32.3944435092
32.3677709517
32.6954366046
32.3306330428
32.4800414061
32.5733040272
32.3115163826
32.3927799083
32.1417069624
32.4216828242
32.2760774378
32.4187192484
32.5896401209
32.2652090563
32.1640647049
32.2167854837
32.2515464914
32.3748463461
32.4148533784
32.4565088863
32.2145733579
32.2045722535
32.4467351577
32.2564458875
32.3165655081
32.4615861391
32.5124364284
32.3218896086
32.2759984551
32.0361515744
32.1842064551
32.5243637561
32.0835446495
32.2181088169
32.3682410519
32.2235443824
32.168453674
32.2995725952
32.3504010736
32.2980347792
32.1836781273
32.1573678426
32.2841974088
32.1384054241
32.2192273509
32.4608432689
32.4091149597
32.3255975944
32.4879523141
32.2869109245
32.1590995509
31.9411652924
32.3044955514
32.0638827815
32.3310479579
32.4055514294
32.3076733981
32.1544613373
32.0708323557
32.1298716706
31.9856375809
32.1733155582
32.2101997094
32.2023078748
32.1680922062
32.2054887192
32.408264448
32.3287997319
32.3721310796
32.3936023626
32.246785142
32.1526672047
32.0185201495
32.0535440927
32.2285294178
32.0893343365
32.12823685
32.1221406082
32.1568763983
32.4203554332
32.1531802115
32.1754930308
32.1342903685
32.3004245774
32.1656046909
32.176386507
32.174525827
32.0285721674
32.2011187692
32.4674610118
32.1782324675
32.2178739142
32.2474198029
32.2522235266
32.1410170674
32.1795110723
32.0196115564
32.14205073
32.4018923458
32.2476677286
32.2072852275
32.3055882425
32.1761847619
32.2818117197
32.1871934455
32.1693121554
32.0773812296
32.2176216658
32.1247899442
32.2091876691
32.1510854177
32.1842380805
32.1564592528
32.0228100145
32.1058451939
32.3285345626
32.3297790843
32.2200895051
32.1434248824
32.0110929728
31.962009486
32.2604248843
32.0016861648
32.2257191694
32.0736182137
32.2586042117
32.3828703332
32.3589305597
32.0320530015
32.0883560877
32.0027812731
32.0816533317
32.3966405742
32.4826049744
32.2912166536
32.1165267535
32.2974344975
32.1880054406
32.1822498367
32.1454789198
32.011978592
32.0487815767
31.9565106757
32.2763958485
32.1628677106
32.0260175712
32.2418648046
32.3881073413
32.2897068853
32.0046471544
32.0379744845
32.0896921865
32.0356621313
32.0315915216
32.1631832659
32.0214117058
32.1571411321
32.2868809782
32.467319891
32.2905249497
32.2439414367
31.9555018728
32.1523154771
32.0438966875
31.9656667307
32.0798961513
32.0420937594
32.0722395784
32.1515605627
31.990864907
32.1144418171
32.1930108752
32.5041854211
32.5166862222
32.0623653266
32.0144392476
31.9758756912
32.0364443081
32.3258608637
31.9440448176
32.0054420425
32.0077052348
31.9580662485
32.3687860596
32.0362387527
32.0622297347
32.2013219583
32.3771115984
32.1060308461
31.9598392858
31.8861100765
32.4566368077
32.4093404574
32.3802524083
31.9806777302
31.9892644021
32.0750035035
32.0592519142
32.3371870336
32.2065254784
32.0646736351
32.1266389891
32.0203346457
32.0669612959
32.4810120158
32.011047673
32.1888299174
32.2134171229
32.0005021841
32.3837442865
32.0679244842
32.1310760868
32.0649740279
32.1748763446
32.0951325824
32.0676899613
31.9570800817
32.054174104
32.2859594871
32.1699453329
32.1485501421
32.3792920297
31.991684072
32.0136089003
32.0698243056
32.0551725447
32.0241148283
32.4424795994
32.2237520665
32.2330056772
31.8889547023
31.8637729861
32.0066825771
32.0495853682
32.041898653
31.9916599535
32.1959478705
32.0576943287
32.2949496817
32.3283063346
32.0376975077
32.0496542915
31.9125142869
32.1751995342
31.9861169452
32.0987614877
32.1641648528
32.2618591447
32.1242503676
32.2860715135
32.0265339233
31.9305455448
31.8928557096
32.3921282166
32.5815679701
32.0503443165
32.0977702888
32.1156501485
32.0419732636
32.1072901387
32.4396973685
32.0868780497
32.1516174083
31.941571444
31.9630123221
32.0314491816
32.1466272417
32.1544930443
32.2523277285
32.2190360384
31.9629448621
32.2815888126
32.0753116319
32.3126655915
31.9968884625
31.9130152087
32.0678868959
32.0175666331
31.9781995239
32.4789425712
32.3223411163
32.2149935141
32.0199129962
32.2642592718
32.1211153327
32.1360447238
32.1073969398
32.1804153167
31.9248706837
32.0350925814
31.8815825047
31.9306381678
32.0817805657
31.9268721667
32.387991709
32.189507097
32.1351754858
32.3332371044
32.1091689176
32.4239032569
32.106398174
32.0282097532
31.7774368879
31.9843308023
32.0670693041
32.050595459
32.0402689283
32.1331594323
31.961212354
32.2365571118
32.0834197731
32.1933188457
32.2751352065
32.1696560366
32.1349071037
32.056076115
31.9907553561
31.8925985259
31.9086662699
31.9528337961
32.0164688566
32.0794818362
31.9130806757
32.1472942665
32.4388218197
32.1967574014
32.1867591478
32.1814224174
31.9973344448
32.1073930984
32.1569918211
32.0853156825
32.054876476
32.0434073606
32.1381832384
31.9832149169
31.9838069322
32.0651432802
32.1079572946
32.1016859307
32.0370994144
32.0914399806
31.9720487285
32.2064864443
32.0601953953
32.0469890191
31.9900031601
32.1198094437
32.142561066
32.1710420939
32.1059591004
32.150999959
32.0359737568
32.0040869826
32.0064330483
32.1225195541
32.2924253411
32.1050156051
32.1097332932
32.243021153
32.249975224
32.28073955
32.5765278822
32.1553466247
32.0342737613
32.0460380161
31.9443078549
32.0643123204
32.2508230471
32.0088262454
32.0496629553
31.9300441577
32.2088222686
31.9391444228
32.0518371933
31.8941154829
32.0239876086
32.1258376697
32.12683311
32.045874467
32.1338660768
32.2669387704
32.0822698739
31.997823614
32.3867874077
32.2217077924
31.9974821532
32.0373312632
32.0201398356
32.0625890657
31.9106742602
32.073584182
31.9997308992
32.2078390926
32.2110977373
32.2431798408
32.0565839081
32.1072874386
32.1266191035
32.0584336837
32.0706754118
32.1458523087
32.1834891364
32.0568367666
32.0009772673
32.0145035123
32.1353965243
32.1127475582
32.2733040708
32.0331295645
31.8942726089
32.1523712269
32.2123200719
32.1932677735
32.1081019369
32.2359880929
32.343276402
32.4364828036
31.986873455
32.0701624682
32.0943290576
32.2415872268
31.9169839089
31.9991168988
32.1404924119
32.4453356868
32.1643403068
32.1519415996
32.0225224858
32.0352291446
32.0994009094
32.087496641
32.0856780525
32.3718362598
31.9979581123
32.0529477178
32.0616804188
31.8618152586
31.8915169031
32.1506866395
32.2252280151
32.0450235568
32.250949909
32.4033457418
32.5011472143
32.2318309726
32.172179129
32.153074028
31.9409393913
31.9599446724
32.1816310095
32.2352873853
32.1127347914
32.1137884435
32.1278166301
32.0476491557
32.149653821
32.1105257739
31.9887694168
32.1868958311
32.0079067431
32.2533014687
32.0864091013
32.0039403312
32.0071243327
32.0867150372
32.5278118094
32.3441117783
32.2765193084
32.1188855246
32.0081909509
31.9400696088
32.0844073445
32.3670309141
32.3188324223
32.1184365015
31.9561094954
32.066578161
32.0203867781
32.2050762851
32.1526088341
32.0167009693
31.995458459
32.2723844767
32.1233773746
31.9808446516
31.9093165981
32.0479074724
32.0922231012
31.9279139381
31.9576450919
32.1455901579
32.4242378358
32.2735702924
32.4972042214
32.0582237425
32.0413069115
31.951057155
32.1172678725
32.0961971536
31.9971077064
32.3379646993
32.0225062115
31.8880247447
31.9922364658
32.186886609
32.3236913606
32.351983933
31.9661593361
32.136965448
32.086866477
32.201562913
31.9635377277
32.2071155174
31.9418260074
32.1017884915
32.0897917315
32.2282819581
32.289567091
32.0503128963
32.1723135802
32.1483408648
32.269872426
32.0949792922
31.9379181509
32.0689666743
32.0881480924
32.1619928275
31.9723235599
32.0033971633
32.1945512204
32.1463248674
32.0433782231
32.0871486188
32.3750845314
32.4508962176
32.1160174264
32.2235576333
32.0375275192
31.9520777375
32.0070390237
32.1507799318
32.3800522941
32.6434280296
32.0870464974
31.9444962803
31.8514312191
31.9492867934
32.1233506318
31.9676845611
32.0377247762
32.1947966755
32.0723988083
32.1883478415
32.0210410782
32.2581316636
32.0824206575
32.0335156386
31.9388312581
32.0720449551
31.9440140656
31.9003734748
32.1839424471
32.0314967663
32.0664239438
32.1319980728
32.0782569606
32.1553810083
32.0220341961
32.1332437608
32.0219052404
32.2264465169
32.2574209896
32.1661150566
32.0078776753
32.0649847732
32.0744336131
32.0351823728
32.0283830699
32.0151552191
31.8857595472
32.0550046055
32.4409806598
32.2453611003
32.1639089268
32.0498583879
32.0904210995
32.1961578798
32.1419562465
32.071498882
32.1698258492
32.0458524098
31.9242452873
31.99908934
32.2061917061
32.2220270211
32.1758737887
32.1331264909
32.5918790852
32.215759424
32.2087728126
32.0431421729
32.0317274557
31.9979513291
32.0610162555
31.9783922273
31.8928306724
32.1027164624
32.1520264872
32.1544097608
32.1010959938
32.0710297866
32.0426506495
32.1336101659
32.0150078473
32.0906619886
32.2595007962
32.0995176968
32.0638117115
32.4876768247
32.1807843884
32.0020848472
31.9546676678
32.0756835392
32.1263295334
32.067129569
31.9830095538
32.0430502879
32.0990387579
32.2011257624
32.2020539304
32.157255248
32.1126904647
32.2521150411
32.2884318166
32.2747167986
32.1732153743
32.034682746
32.1670410391
31.9310662167
32.1847967159
32.0891737357
32.2120177591
31.9363707794
32.089456054
32.0920447922
31.9782307708
31.9436655881
32.1982583439
32.1214479225
32.1909481703
32.1770297549
31.95041767
32.0181987709
31.9641772658
32.0121114505
32.2832388993
32.2678835478
32.060660808
31.9660255816
32.1732679945
32.1878141295
32.1765457175
32.1162415338
32.4907947838
32.1804895986
31.9848350611
31.9284375494
32.0333635162
32.3087105676
32.2709108334
32.0758160953
31.8455646545
31.8574762126
32.1088052389
32.1018732751
32.1193612084
32.3330128031
32.0131539313
32.2288878975
32.010409518
32.042042411
32.0672932321
32.0004536767
32.0354005119
31.990753454
32.0980678586
32.240069969
32.0854422106
32.1384240325
32.0873114025
32.1609744388
32.1638025873
32.0460157884
32.0487579434
32.0296159382
32.0718088303
31.8028840015
31.9935489712
32.0390507959
31.941649289
32.1654079206
32.1839018915
32.1642543691
32.1180448378
32.1579862254
32.0546063889
32.1824122201
32.2255062655
32.233303817
32.1278865576
32.1004446336
32.1237695126
32.0531325444
31.8907970482
32.208753446
32.2822639326
32.1408608084
31.9963834575
31.8947650448
32.0336234207
31.9875822059
32.2891300262
32.3251047366
32.1225083478
32.2290217522
32.3831586742
32.0888145577
32.1252235224
31.8774901631
32.1345106682
32.1857556262
32.1815482137
32.1758599536
32.1543188368
32.0520446878
32.0630736358
32.1248805834
32.2244939557
32.4037085681
32.0218891818
31.983463202
32.1224148789
32.2215716663
32.0457472446
32.0174376946
32.0395547319
32.0714714959
32.4446201464
32.0472477465
31.9888423794
32.1132014679
32.2181211228
31.9714981928
31.9725842403
32.0588976209
32.159201918
31.966884992
32.204168364
32.0889393424
32.0359241837
32.0800398834
32.1977498151
32.0719178635
32.0278261323
32.1903639632
32.1404231186
32.0875581285
32.2235126729
32.228873628
31.956792596
32.1041095488
32.2219718965
32.188868739
32.1688470339
32.1650822107
32.1723488514
31.9819865591
32.1094352593
32.0194418462
32.1103446872
32.0319618564
31.9861070421
32.069808995
32.0420584637
32.2321624062
