34.434366216
34.3476253849
34.2289494314
33.9940548604
34.1023585732
34.444350574
33.7118416044
33.1041237591
33.4190713199
33.2521575208
33.034963084
33.3919914152
34.244256956
33.1427571275
32.9114001172
33.2037114272
32.9293533908
32.8268227298
33.1949254733
34.3244442107
32.9819011133
32.7369002072
32.9563630588
32.7250209501
32.68505718
32.9904728563
34.1269946269
32.918226817
32.624396816
32.8560466627
32.5895992012
32.5863558354
32.8504038337
34.0244362914
32.898466304
32.5788696992
32.7059537992
32.5488583961
32.4930633518
32.8440345396
34.0001533306
32.8958846842
32.5662934055
32.6565720549
32.4933125634
32.5337099866
32.8641904465
33.8129706565
32.8909970681
32.4637352402
32.5538785135
32.3868288032
32.3921785537
32.6961551746
33.7266657052
32.876810756
32.4727858975
32.5566697898
32.4323404684
32.3776589202
32.7898771387
34.0325679859
32.8940871
32.4296355321
32.500239135
32.3388481246
32.3108355734
32.7067956994
33.6135138927
32.9139012364
32.4015288396
32.4759347932
32.2935743208
32.2853520333
32.6498241978
33.4711805217
32.7833268388
32.3773619067
32.4032009471
32.2041087168
32.2694139448
32.7171414424
33.5895033282
32.830021216
32.3692020429
32.4771229126
32.2248989602
32.2601285635
32.6479873452
33.5655313138
32.8783121694
32.3195040825
32.335562846
32.1780210801
32.208541425
32.5935730259
33.4376391216
32.6859361551
32.2975414527
32.3564454296
32.1089682524
32.1233019056
32.5261601922
33.4170015351
32.6678066011
32.2835396401
32.321290547
32.1287307559
32.10238907
32.5574762622
33.6035255111
32.624816939
32.1796445699
32.2912348882
32.116329654
32.0636766611
32.4824790007
33.6780442549
32.744514794
32.2034584306
32.3304617929
32.083551872
32.0347262408
32.4729532886
33.6014475895
32.654285563
32.2040375454
32.2689042728
32.0488995226
32.0091642388
32.4588993705
33.5297235011
32.5977823685
32.2181051751
32.2187932192
32.0348253919
32.0343257424
32.424845646
33.4973230248
32.5802323476
32.1443588442
32.2092300927
31.9715006215
31.9328185693
32.3006716878
33.3604656013
32.5003188185
32.1663520104
32.1916272288
31.9717739385
31.9988704734
32.3438524323
33.4310343827
32.5538713887
32.1320753212
32.1624928284
31.9599265148
31.947298329
32.3430939206
33.5180078798
32.6194602227
32.1678713265
32.1859849042
31.9379477219
31.9605271923
32.375736022
33.655703323
32.4540479259
32.0630047138
32.184261438
31.9331810036
31.9004785229
32.2920815506
33.4857483241
32.4803146372
32.1314318697
32.1288234471
31.9006767233
31.8709397264
32.302715703
33.755405302
32.4285640219
32.0079470533
32.127789816
31.8629075261
31.8893250428
32.2666684433
33.6699603587
32.3480769778
32.0864330773
32.2545552179
31.9476912608
31.9087544348
32.3947809481
33.4303681842
32.4190296198
32.0548291969
32.1324648748
31.8768804588
31.8912002581
32.3528946698
33.5971229922
32.5280299417
32.0762962727
32.1864899809
31.9164888109
31.8781301426
32.2722062394
33.4686980616
32.4537510535
32.0612246944
32.2144459706
31.9359398442
31.893349017
32.4353329621
33.5918408197
32.414978799
32.0014197268
32.1181925706
31.8254708236
31.8500500737
32.2626689763
33.5124050641
32.4417640613
32.0272538574
32.0774505792
31.8512339082
31.7397323495
32.2323379588
33.4572497194
32.4177587455
32.0560456224
32.1108153374
31.8238853814
31.8209503072
32.2016851036
33.5034350236
32.3444181319
32.0042069717
32.0950534893
31.8817172803
31.7920465162
32.1122052518
33.3943664761
32.3772496859
31.9805460086
32.2707043149
31.7791577292
31.7722488457
32.1999980289
33.4461608664
32.2684810655
32.029142147
32.1790893189
31.8782973929
31.8261183049
32.1397082878
33.3299764612
32.3634894212
32.063818673
32.2960829983
31.8309589595
31.8326328912
32.2188737458
33.3808693449
32.2598206577
32.0177320734
32.3048317123
31.7885237419
31.7172904753
32.1676660543
33.577291168
32.3492325227
31.9449040123
32.1194007789
31.791674133
31.7817071495
32.1190351177
33.4341505301
32.3194842645
32.0855191034
32.1717730322
31.7716611218
31.751152719
32.1028086246
33.5602160778
32.2169021423
31.9517104144
32.1114468278
31.7187052252
31.8014506263
32.2355749227
33.3578864616
32.2850363635
32.0466431862
32.2692458353
31.7627882
31.7339134649
32.1338015405
33.4164077517
32.3367412146
32.0101997156
32.2865207711
31.8029390971
31.810526502
32.0797726614
33.2753902729
32.4469298501
32.0231985817
32.2487851337
31.8074931161
31.8120930279
32.1553096381
33.2942219052
32.3591468299
32.0424419432
32.3489673741
31.7221705214
31.8251217868
32.2709562775
33.4831487331
32.291203597
32.044485032
32.3109811535
31.7228223313
31.7841683403
32.2073357388
33.3747983483
32.3104618873
32.0738609376
32.3097241422
31.7755811228
31.752625758
32.1328542901
33.6816280165
32.3691487001
32.1010398199
32.2674403604
31.7712002344
31.7646670712
32.1652883554
33.5347256938
32.2706412292
31.9428120532
32.1063949344
31.780348665
31.7642238153
32.1746809734
33.4129326621
32.27134513
32.0308967038
32.1674178499
31.8390166065
31.8548259022
32.1707205092
33.3998077914
32.1929144828
32.0245577597
32.1450370093
31.7429172964
31.7864357725
32.1759593497
33.4708638947
32.290418755
31.9765049235
32.2482423412
31.7353515928
31.7657914896
32.2341186515
33.2761443674
32.3051447613
31.9821961325
32.195966396
31.760184975
31.7762538942
32.2053615559
33.6057708747
32.222722413
32.0510641834
32.0129584309
31.763181021
31.7874029823
32.186840042
33.5325277868
32.3302835535
32.0562018811
32.2785389231
31.7382323057
31.7878453977
32.1732292152
33.5869339377
32.1736819087
31.9273748573
32.0815415441
31.7151811951
31.6544036078
32.0982531329
33.2270816012
32.2139714219
31.9298359544
32.065528633
31.7479412361
31.7598788207
32.1831801269
33.3811529692
32.2388899547
32.0064160565
32.2313403308
31.7435651712
31.7643738685
32.214002339
33.6248398237
32.1297410016
31.9127059731
32.0631256924
31.785539777
31.7298314079
32.2450561651
33.4510074462
32.2215100928
32.0130322487
32.1743764846
31.7006114158
31.649646461
32.1691939493
33.4239453005
32.1793166764
31.950938428
32.1143933018
31.7830069378
31.7490709586
32.3443943402
33.4267713666
32.218873626
31.9621437495
32.0399486908
31.7365765514
31.7142949755
32.2384023128
33.324841061
32.2202882318
31.9122814105
32.1244946024
31.6963986835
31.6947277047
32.2457268749
33.721701998
32.2360035495
31.8189617737
32.0433101203
31.6969304127
31.6669552085
32.2515763949
33.5100829063
32.3753365775
31.8474786079
32.1629319996
31.8007087401
31.7380424837
32.3179145545
33.5214315568
32.2748025436
31.8981538815
32.018048896
31.6903622538
31.6656356988
32.1797088276
33.331051035
32.2016329706
31.9812675639
32.1088461177
31.8016852925
31.7416191714
32.1727116832
33.3693566625
32.2114570548
31.877113691
32.0332946802
31.7491676448
31.7579105764
32.1780092602
33.6591743735
32.1910038601
31.97004353
31.9970662013
31.7060361398
31.7036376077
32.2366904106
33.6782549507
32.1209167815
31.9313547252
32.1009755838
31.7897044366
31.7781789431
32.2423024528
33.6819374407
32.1887678444
31.9481938771
31.966462556
31.6966151675
31.7358065386
32.2816438596
33.6948156287
32.1451004879
31.8440595682
32.0232386646
31.68524541
31.680657813
32.1683982938
33.5801806417
32.0797373097
31.899500562
32.1183773933
31.7319194707
31.7207926932
32.1889705501
33.4288875073
32.0806860478
31.8561147728
32.0265935756
31.732109703
31.7440167277
32.1076950152
33.6318219165
32.1005002209
31.9622243204
32.1143531752
31.7342572201
31.7398378876
32.2650843135
33.7164249633
32.1612634093
31.8596643081
31.9916293749
31.6357738239
31.6528164407
32.1982963784
33.5911401808
32.1881940599
31.9461972419
32.1320037666
31.7728138673
31.7845034546
32.1907421329
33.4376983935
32.1272600601
31.846988914
32.1515971725
31.6273603194
31.71640437
32.123227696
33.4657647798
32.1306938054
31.8223727687
32.0139458706
31.6502087416
31.7331619944
32.153636712
33.471311834
32.1226562272
31.8468616069
31.9387874781
31.6397619359
31.6543254164
32.1421439452
33.4632294493
32.1087015603
31.9543272055
32.0810430488
31.7676650761
31.7786493197
32.2135151031
33.2493277927
32.1561275168
31.8859920753
32.0737901606
31.7172902382
31.7179295888
32.2854780831
33.7108506373
32.1440346009
31.8390631258
31.9640973582
31.647722705
31.8150259419
32.1758561635
33.3317994358
32.0944756547
31.8561282964
31.9241683532
31.6718938708
31.7672316166
32.3375435259
33.4124477013
32.134851597
31.8233881605
32.0136487657
31.7267328436
31.819875344
32.348730555
33.5733611766
32.1790123925
31.9383800152
32.0060005024
31.6952536899
31.7841851077
32.3165864039
33.3843314794
32.1203318228
31.9258525974
32.1181483394
31.6924479006
31.811125031
32.2010303672
33.6837871984
32.2274116299
31.9019200432
32.0583829328
31.6784210414
31.816426753
32.3543922268
33.47085864
32.0553689087
31.8661058555
32.1017041302
31.6239027182
31.7678957802
32.350127478
33.7633416633
32.0597773385
31.9050967863
32.0627562681
31.723000294
31.7712381978
32.2367566503
33.5796899259
32.1991376077
31.94603269
32.1529584883
31.7667854689
31.8881482483
32.4062895336
33.2568068426
32.2216171044
32.0012615083
32.0736358529
31.6935834254
31.8388671081
32.2675374992
33.7816714488
32.1930982705
32.0009730566
32.1899256336
31.6844460809
31.8408659485
32.4155073324
33.2521352292
32.243474949
31.8744022365
32.063141513
31.6600245686
31.8037817501
32.1934680691
33.5936176802
32.203084026
31.8878012166
32.0547035336
31.6908989775
31.850267923
32.2565277551
33.275622214
32.1757172014
31.915857658
32.1871696934
31.6849606535
31.821432025
32.4474243399
33.5541032579
32.1242258232
31.9394921937
32.0539039406
31.7362716718
31.755662921
32.4686296982
33.5140890295
32.1486487408
31.9147831996
32.1121954705
31.6699139065
31.7399638195
32.4044548937
33.6348127537
32.0243730216
31.8333691575
32.1391761204
31.7438482106
31.8321176471
32.4028479807
33.5382572881
32.106360359
31.8238234547
32.1953364809
31.6897321775
31.7853466504
32.5352460196
33.3649747961
32.141321713
31.9212180259
32.1551573981
31.7300111254
31.8114975188
32.4031796097
33.3877360798
32.1904674449
31.9521157839
32.172889916
31.608334877
31.7385563306
32.3423225998
33.7390449483
32.1520010954
31.9046789667
32.100620039
31.6544671847
31.8092026392
32.4045943197
33.5068376798
32.3009702484
31.9507896241
32.1969319939
31.6691447662
31.7647483837
32.4652171185
33.3798668515
32.1737325213
31.8084193893
32.2384583093
31.6695818408
31.7868125827
32.3851710487
33.586930507
32.1646450952
31.9262446099
32.2412636707
31.6636428716
31.790816678
32.5036288388
33.6826162137
32.1397649802
31.9788249804
32.2325201894
31.7056321433
31.8502110848
32.4016694124
33.7558643061
32.2342897554
31.9835598531
32.2976889896
31.7005545639
31.834372109
32.3609241237
33.8080302623
32.2241295555
31.9456484791
32.1866786804
31.6073663159
31.7900371071
32.5479799067
33.5575416904
32.1940537252
31.9119244699
32.2901270306
31.7600959978
31.9386561867
32.4502526528
33.731265024
32.2297800715
31.9030177395
32.168210925
31.7321987512
31.8700723078
32.4123549143
33.7509102612
32.1950511126
31.945694699
32.0927892665
31.7424672102
31.8514125713
32.4539861696
33.5606195471
32.205936607
32.0072410319
32.1740646914
31.704932966
31.8066753398
32.5033984965
33.5336112062
32.2275626215
31.920108367
32.0518611679
31.6773941878
31.8646357377
32.424063718
33.7132302333
32.1919834131
31.8758379408
32.252407503
31.7788476637
31.9539063751
32.5314118048
33.5376942318
32.2625707512
31.9560782923
32.2350119831
31.6713332682
31.7759375205
32.4130688832
33.6514764911
32.3198456865
31.9238773423
32.1482604234
31.6660931739
31.7729837862
32.4988656578
33.4271002301
32.3303502271
31.9275983931
32.265704464
31.7314468966
31.8061067743
32.454750169
33.4187839639
32.3041126893
32.0564472495
32.2482431899
31.7956666551
31.8877720803
32.6107717172
33.7832234016
32.2823436207
31.8745624465
32.4133164593
31.7532285939
31.8810390798
32.6004597681
33.5754100961
32.3040361786
31.9685043047
32.445344571
31.7695928452
31.8601592931
32.5665383883
33.8373885413
32.2818248263
31.8717572588
32.3375357231
31.6555785677
31.7864996117
32.4907133108
33.2836951787
32.1874348727
31.9282483866
32.2762933251
31.6959350777
31.7857444985
32.5366464578
33.5260603185
32.3252138217
31.9419818426
32.197259479
31.7440668354
31.8425727484
32.5027337455
33.6068119741
32.4302914237
31.9431788357
32.4817706875
31.8356887763
31.8888600861
32.640583982
33.7521401663
32.2828511859
32.0877429618
32.3211959267
31.7644722193
31.8810235845
32.60645299
33.7306141029
32.3493135448
32.0217811522
32.339102516
31.7390324219
31.8640845569
32.5145223873
33.214241363
32.2986839486
32.0278523086
32.3258000623
31.7580217889
31.8170180633
32.5298090904
33.463413642
32.2618627974
32.11971692
32.2731038657
31.685926792
31.7466158846
32.3043301861
33.4099459308
32.2668930086
32.0315235854
32.3267482462
31.8951901524
31.9250292773
32.4797697168
33.5100999777
32.3077609103
32.0421515606
32.4312234244
31.7968367585
31.8783466043
32.4532547585
33.6717706414
32.3039484916
32.075623289
32.3726800166
31.7336929128
31.7850000189
32.350264202
33.3477939481
32.2615698011
32.0124169479
32.3797439415
31.7891762386
31.9227673274
32.5654651158
33.3106687861
32.1420999314
31.9866022213
32.4019549278
31.7512538916
31.7980280414
32.3675599891
33.7150647641
32.109704292
32.0092480548
32.41769531
31.7205004834
31.8581036295
32.4526922946
33.585568734
32.2976649938
31.9476188393
32.3244545406
31.6934489071
31.8304537338
32.411997653
33.2837288275
32.2344004464
32.0101948294
32.3268501317
31.7134573812
31.8135425046
32.3727965919
33.5633966158
32.1492725315
31.9994617324
32.4631218885
31.7558450777
31.8559766986
32.4620107321
33.4391004106
32.1712030535
31.9026605661
32.4240004975
31.7471084824
31.879965132
32.585039479
33.5508663562
32.1678253712
32.0027204683
32.2624149769
31.6751683776
31.763409721
32.4635655497
33.6453046619
32.2224514985
31.9865240548
32.2921951825
31.7215791691
31.8892099693
32.4782236292
33.4572532152
32.2625834612
31.9037026668
32.4359098061
31.7856480715
31.8274041858
32.5763980564
33.4720947356
32.161011575
31.8769766033
32.4449810423
31.702507387
31.7245580148
32.5188059231
33.4492157008
32.2563285211
31.9253068048
32.2090699157
31.7041397292
31.7452278675
32.4136627914
33.657783347
32.1460790243
31.866675423
32.2196654091
31.6625114309
31.7777949437
32.4702473913
33.8034532566
32.1068731128
31.8099118645
32.3651688607
31.6842271167
31.8103636393
32.4638174041
33.6798703567
32.2037759047
31.9520906534
32.1936899978
31.6847155442
31.7733426612
32.4365645871
33.3816775766
32.1332516383
31.8956568468
32.2390129015
31.6693191675
31.7635429339
32.3555423785
33.6121437513
32.2292235127
31.9203366369
32.3701874284
31.7340122762
31.8128002832
32.6254439887
33.6072219656
32.1347019279
31.8897546412
32.4001892051
31.757035213
31.8159536547
32.4310018492
33.4919560787
32.1383286509
31.8051376239
32.2753227653
31.7672677968
31.7998872171
32.4225937092
33.7217492731
32.2102010033
31.9086095729
32.2840111449
31.7323493384
31.777402206
32.4587788148
33.6583610641
32.1762447633
31.9301672725
32.3725002714
31.6836898855
31.871788477
32.4818269931
33.5980199843
32.2555363117
31.8177667181
32.1971113313
31.700191005
31.7701082022
32.4698585327
33.5610878796
32.1861556717
31.8604713721
32.2308917654
31.7273417602
31.768645889
32.4347158081
33.734968604
32.1549199063
31.9781305172
32.0757811962
31.6887754757
31.7614524243
32.3852011043
33.618094622
32.2290053425
31.8151001419
32.2233463028
31.7170831056
31.8304577835
32.3611765237
33.6222655168
32.0725628289
31.9588348217
32.368990214
31.7227042146
31.8315587536
32.5648026624
33.6069466559
32.1668262381
31.8353799441
32.3878598811
31.6845440911
31.730972629
32.3247701313
33.2617202921
32.1026567164
31.8032863189
32.2486178521
31.7110028013
31.7931767814
32.5052512256
33.4850455751
32.1158866246
31.8226209868
32.1449470004
31.6565531473
31.7449722315
32.4129055465
33.549919419
32.1311670454
31.7584739341
32.1892813615
31.6319047985
31.7272972794
32.4039091268
33.6797961839
32.0166273201
31.7619359333
32.1288095405
31.6288190305
31.7642119243
32.3072155814
33.6036279946
32.1419513381
31.8469415881
32.2301487164
31.6865313075
31.6750945902
32.3303683205
33.436363845
32.0318112803
31.8108874904
32.2891523499
31.7318968511
31.7816649448
32.3355241405
33.4554811305
32.1068923962
31.711656021
32.2984392458
31.7094813156
31.7169542312
32.2679976109
33.6665325639
32.1115373507
31.7980357577
32.2179160974
31.6350241125
31.7651099604
32.1865011755
33.380874834
32.1718371856
31.9199807096
32.1436051348
31.5819915073
31.7500704905
32.3252017738
33.1875439693
32.1170562885
31.7899701393
32.337514856
31.5989016987
31.6943413806
32.3958494898
33.3636999488
32.0848165423
31.8333757265
32.3611183737
31.6933521755
31.8502921671
32.3916020885
33.4544260973
31.9988703693
31.7300276632
32.36765244
31.6815274224
31.7823019449
32.4458594158
33.487985525
31.9746131796
31.7925521945
32.4028294037
31.6586686801
31.7271019683
32.3223319547
33.5328663543
32.1148785721
31.7764768954
32.1498850697
31.6122354464
31.7809766051
32.3153228365
33.5482070031
32.0068505303
31.6911234825
32.1386094843
31.5498402796
31.7420068606
32.3831102801
33.4463669687
32.1083821704
31.7838452747
32.3211751967
31.6368986116
31.6744974866
32.430222796
33.5898208155
31.9283015725
31.7669919545
32.3851479119
31.6166991215
31.6944943798
32.3968133761
33.7749020395
32.1534275531
31.8061250753
32.4312507786
31.6787128236
31.7643647725
32.4048577841
33.7331785877
32.0197710242
31.8540777888
32.2430647582
31.6563248476
31.6832905382
32.2513682397
33.7978870773
32.0223703262
31.7898646236
32.596526169
31.7600852228
31.8384902058
32.3390745469
33.6300567509
32.0608612676
31.8065384787
32.2059148082
31.5931887042
31.8138226575
32.3586228338
33.6354565259
32.0324215601
31.778554221
32.2345964503
31.634549288
31.7136399832
32.2224256007
33.5405499682
32.0399801316
31.7559581423
32.1926854347
31.6534503943
31.734578634
32.1429875362
33.5534946033
32.0980592055
31.8414422182
32.4622569143
31.6216831022
31.7369303128
32.3096012706
33.4984298716
32.0220849349
31.675905877
32.3336452786
31.7178574436
31.7862327058
32.2294449624
33.4330702012
32.0165768488
31.7726925637
